  [orig lat-mode=body]  spin-branch frames=853  else-branch=0

=== ORIGINAL verify/a8_steer_20260824/orig_steerR.msd [lat-mode=body]: 853 frames ===
  wheel  band          n    a(lat)  b(axis)  resid     p1b     le4    ld4   a/p1b
  w0     all         853   -106766    -6805  0.094  1091.3     nan  0.746   -97.8
         1500-1800   161   -110206   -10636  0.073             nan  0.702
         1800-2100   248   -109143    -7091  0.085             nan  0.735
         2100-2400   350   -107648    -6264  0.090             nan  0.766
         2400-2800    94    -93355    -2151  0.174             nan  0.773
  w1     all         853   -104250    -7144  0.095  1081.1     nan  0.746   -96.4
         1500-1800   161   -108458   -10790  0.073             nan  0.702
         1800-2100   248   -106811    -7357  0.085             nan  0.735
         2100-2400   350   -104779    -6672  0.091             nan  0.766
         2400-2800    94    -90611    -2768  0.176             nan  0.773
  w2     all         853   -151110    -7098  0.310  1086.8     nan  0.184  -139.0
         1500-1800   161   -212838   -10208  0.223             nan  0.132
         1800-2100   248   -183554    -8275  0.219             nan  0.170
         2100-2400   350   -164954    -4387  0.239             nan  0.206
         2400-2800    94    -73674    -7562  0.620             nan  0.217
  w3     all         853    -65141    -3636  0.326   535.7     nan  0.184  -121.6
         1500-1800   161    -94406    -5155  0.244             nan  0.132
         1800-2100   248    -79888    -4208  0.240             nan  0.170
         2100-2400   350    -70570    -2334  0.255             nan  0.206
         2400-2800    94    -31230    -3836  0.615             nan  0.217

=== PORT     verify/d2_reopen_20260929/solo_post1/motion_diag.log: 1073 frames ===
  wheel  band          n    a(lat)  b(axis)  resid     p1b     le4    ld4   a/p1b
  w0     all        1073   -108818    -9617  0.006  1092.4  1024.0  0.679   -99.6
         1500-1800   199   -109058    -9917  0.009          1024.0  0.612
         1800-2100   241   -109732    -9571  0.003          1024.0  0.650
         2100-2400   281   -109228    -9514  0.003          1024.0  0.678
         2400-2800   352   -107976    -9565  0.004          1024.0  0.724
  w1     all        1073   -106461    -9826  0.013  1082.6  1024.0  0.672   -98.3
         1500-1800   199   -108019    -9939  0.007          1024.0  0.610
         1800-2100   241   -108061    -9678  0.003          1024.0  0.645
         2100-2400   281   -106974    -9707  0.004          1024.0  0.670
         2400-2800   352   -104728    -9984  0.011          1024.0  0.710
  w2     all        1073   -207229    -7513  0.087  1086.3  1024.0  0.272  -190.8
         1500-1800   199   -267941    -8220  0.205          1024.0  0.172
         1800-2100   241   -228680    -7873  0.099          1024.0  0.221
         2100-2400   281   -211103    -7499  0.061          1024.0  0.274
         2400-2800   352   -197911    -6739  0.038          1024.0  0.358
  w3     all        1073    -88624    -3856  0.109   535.8  1024.0  0.241  -165.4
         1500-1800   199   -119194    -4140  0.197          1024.0  0.155
         1800-2100   241   -101239    -3982  0.100          1024.0  0.198
         2100-2400   281    -91918    -3828  0.068          1024.0  0.243
         2400-2800   352    -83072    -3555  0.053          1024.0  0.308

=== lateral coefficient a_w, port / original ===
  w0:          all: 1.019  (1500, 1800): 0.990  (1800, 2100): 1.005  (2100, 2400): 1.015  (2400, 2800): 1.157
  w1:          all: 1.021  (1500, 1800): 0.996  (1800, 2100): 1.012  (2100, 2400): 1.021  (2400, 2800): 1.156
  w2:          all: 1.371  (1500, 1800): 1.259  (1800, 2100): 1.246  (2100, 2400): 1.280  (2400, 2800): 2.686
  w3:          all: 1.360  (1500, 1800): 1.263  (1800, 2100): 1.267  (2100, 2400): 1.303  (2400, 2800): 2.660
