  [orig lat-mode=wheelpoint]  spin-branch frames=853  else-branch=0

=== ORIGINAL verify/a8_steer_20260824/orig_steerR.msd [lat-mode=wheelpoint]: 853 frames ===
  wheel  band          n    a(lat)  b(axis)  resid     p1b     le4    ld4   a/p1b
  w0     all         853    115029    -4436  0.100  1091.3  1024.0  0.678   105.4
         1500-1800   161    119254    -8909  0.075          1024.0  0.645
         1800-2100   248    118452    -5045  0.087          1024.0  0.670
         2100-2400   350    116743    -3856  0.094          1024.0  0.692
         2400-2800    94     95807     1545  0.222          1024.0  0.697
  w1     all         853    114978    -4993  0.098  1081.1  1024.0  0.670   106.3
         1500-1800   161    118070    -8974  0.075          1024.0  0.640
         1800-2100   248    117335    -5262  0.088          1024.0  0.663
         2100-2400   350    115984    -4308  0.095          1024.0  0.681
         2400-2800    94    101277     -596  0.174          1024.0  0.684
  w2     all         853    115068    -6887  0.218  1086.8  1024.0  0.287   105.9
         1500-1800   161    134292   -10240  0.221          1024.0  0.212
         1800-2100   248    124520    -8215  0.197          1024.0  0.268
         2100-2400   350    117589    -4249  0.185          1024.0  0.321
         2400-2800    94     85060    -7084  0.337          1024.0  0.341
  w3     all         853     58164    -3521  0.230   535.7  1024.0  0.251   108.6
         1500-1800   161     66599    -5161  0.239          1024.0  0.190
         1800-2100   248     62252    -4166  0.217          1024.0  0.235
         2100-2400   350     59270    -2250  0.199          1024.0  0.278
         2400-2800    94     44176    -3598  0.310          1024.0  0.291

=== PORT     verify/d2_reopen_20260929/solo_post1/motion_diag.log: 1073 frames ===
  wheel  band          n    a(lat)  b(axis)  resid     p1b     le4    ld4   a/p1b
  w0     all        1073   -108818    -9617  0.006  1092.4  1024.0  0.679   -99.6
         1500-1800   199   -109058    -9917  0.009          1024.0  0.612
         1800-2100   241   -109732    -9571  0.003          1024.0  0.650
         2100-2400   281   -109228    -9514  0.003          1024.0  0.678
         2400-2800   352   -107976    -9565  0.004          1024.0  0.724
  w1     all        1073   -106461    -9826  0.013  1082.6  1024.0  0.672   -98.3
         1500-1800   199   -108019    -9939  0.007          1024.0  0.610
         1800-2100   241   -108061    -9678  0.003          1024.0  0.645
         2100-2400   281   -106974    -9707  0.004          1024.0  0.670
         2400-2800   352   -104728    -9984  0.011          1024.0  0.710
  w2     all        1073   -207229    -7513  0.087  1086.3  1024.0  0.272  -190.8
         1500-1800   199   -267941    -8220  0.205          1024.0  0.172
         1800-2100   241   -228680    -7873  0.099          1024.0  0.221
         2100-2400   281   -211103    -7499  0.061          1024.0  0.274
         2400-2800   352   -197911    -6739  0.038          1024.0  0.358
  w3     all        1073    -88624    -3856  0.109   535.8  1024.0  0.241  -165.4
         1500-1800   199   -119194    -4140  0.197          1024.0  0.155
         1800-2100   241   -101239    -3982  0.100          1024.0  0.198
         2100-2400   281    -91918    -3828  0.068          1024.0  0.243
         2400-2800   352    -83072    -3555  0.053          1024.0  0.308

=== lateral coefficient a_w, port / original ===
  w0:          all: -0.946  (1500, 1800): -0.915  (1800, 2100): -0.926  (2100, 2400): -0.936  (2400, 2800): -1.127
  w1:          all: -0.926  (1500, 1800): -0.915  (1800, 2100): -0.921  (2100, 2400): -0.922  (2400, 2800): -1.034
  w2:          all: -1.801  (1500, 1800): -1.995  (1800, 2100): -1.836  (2100, 2400): -1.795  (2400, 2800): -2.327
  w3:          all: -1.524  (1500, 1800): -1.790  (1800, 2100): -1.626  (2100, 2400): -1.551  (2400, 2800): -1.880
