# U-D3-DRIVE-FORCE 2026-09-29 -- the ORIGINAL's A6a start-boost state, per car.
#
# Recipe, identical for all four (only --statediff-car changes):
#   py -3.12 re/frida/scenario_launch.py --track 0 --mode 10 --cars 4 --car 0 \
#       --poke-ctrl-slots --statediff-out <tag>.msd --statediff-car <v> --hold 45
# car 1 is verify/d3_drive_20260928/e3.msd from the 2026-09-28 session (--hold 60).
#
# Columns: bf8 = +0xbf8 boost state, bf4 = +0xbf4 boost timer, sp = +0x9e4 speed,
#          b1c = +0xb1c body force Z, gear = +0x490, st = wheel states
#          +0x168/+0x22c/+0x2f0/+0x3b4, drive = the DRIVE-ONLY prediction of
#          Integrate2.cpp:216-235 at the frame's ENTRY speed (= previous frame's
#          +0x9e4), i.e. 2 state-2 wheels x min(255,160) x local_54[gear] with
#          local_54[0] = 10*(sp+250)+sp and local_54[j>0] = 11*sp, each clamped
#          through t = min(g*..., 2000). resid = b1c - drive.
# The 5e6 / 8e6 split is Integrate2.cpp's `Fi_ParticipantCount()==4 &&
# (g_modeCarA==param_1 || g_modeCarB==param_1)` arm (orig 0x00467d55/62/6a).

=== car 1 (AI)  verify/d3_drive_20260928/e3.msd ===
  frame  bf8   bf4        sp           b1c          gear  st          drive         resid
    854  0    0         0           0             0     2,2,1,1     -800000       800000
    855  0    50        0           0             0     2,2,1,1     -800000       800000
    856  0    100       0           0             0     2,2,1,1     -800000       800000
    857  0    150       0           0             0     2,2,1,1     -800000       800000
    858  0    200       0           0             0     2,2,1,1     -800000       800000
    859  0    250       0           0             0     2,2,1,1     -800000       800000
    860  1    1100      180         -1.08e+07     0     2,2,1,1     -800000       -1e+07
    861  1    900       370.5       -1.14331e+07  0     2,2,1,1     -1.4336e+06   -9.99952e+06
    862  1    700       558.5       -1.13023e+07  1     2,2,1,1     -1.30421e+06  -9.99814e+06
    863  1    500       756.8       -1.19614e+07  1     2,2,1,1     -1.96596e+06  -9.99541e+06
    864  1    300       960.7       -1.23745e+07  1     2,2,1,1     -2.37549e+06  -9.99897e+06
    865  1    100       1164        -1.24392e+07  1     2,2,1,1     -2.44075e+06  -9.99844e+06
    866  0    0         1284        -7.50365e+06  1     2,2,1,1     -2.50593e+06  -4.99772e+06
    867  0    0         1320        -2.54182e+06  1     2,2,1,1     -2.54421e+06  2391.34
    868  0    0         1355        -2.55297e+06  1     2,2,1,1     -2.55566e+06  2695.28

=== car 2 (AI)  verify/d3_force_20260929/o_c2.msd ===
  frame  bf8   bf4        sp           b1c          gear  st          drive         resid
    888  0    0         0           0             0     2,2,1,1     -800000       800000
    889  0    50        0           0             0     2,2,1,1     -800000       800000
    890  0    100       0           0             0     2,2,1,1     -800000       800000
    891  0    150       0           0             0     2,2,1,1     -800000       800000
    892  0    200       0           0             0     2,2,1,1     -800000       800000
    893  0    250       0           0             0     2,2,1,1     -800000       800000
    894  1    1100      280         -1.68e+07     0     2,2,1,1     -800000       -1.6e+07
    895  1    900       562.8       -1.6983e+07   1     2,2,1,1     -985600       -1.59974e+07
    896  1    700       861.2       -1.79699e+07  1     2,2,1,1     -1.98123e+06  -1.59886e+07
    897  1    500       1165        -1.83897e+07  1     2,2,1,1     -2.40891e+06  -1.59808e+07
    898  1    300       1467        -1.84682e+07  1     2,2,1,1     -2.50607e+06  -1.59621e+07
    899  1    100       1768        -1.85373e+07  1     2,2,1,1     -2.60292e+06  -1.59344e+07
    900  0    0         1933        -1.06394e+07  1     2,2,1,1     -2.69913e+06  -7.94023e+06
    901  0    0         1964        -2.72866e+06  1     2,2,1,1     -2.75199e+06  23327.5
    902  0    0         1994        -2.73514e+06  1     2,2,1,1     -2.76174e+06  26598.3

=== car 3 (AI)  verify/d3_force_20260929/o_c3.msd ===
  frame  bf8   bf4        sp           b1c          gear  st          drive         resid
    877  0    0         0           0             0     2,2,1,1     -800000       800000
    878  0    50        0           0             0     2,2,1,1     -800000       800000
    879  0    100       0           0             0     2,2,1,1     -800000       800000
    880  0    150       0           0             0     2,2,1,1     -800000       800000
    881  0    200       0           0             0     2,2,1,1     -800000       800000
    882  0    250       0           0             0     2,2,1,1     -800000       800000
    883  1    1100      280         -1.68e+07     0     2,2,1,1     -800000       -1.6e+07
    884  1    900       562.8       -1.69842e+07  1     2,2,1,1     -985600       -1.59986e+07
    885  1    700       861.3       -1.79758e+07  1     2,2,1,1     -1.98123e+06  -1.59945e+07
    886  1    500       1165        -1.8405e+07   1     2,2,1,1     -2.40896e+06  -1.59961e+07
    887  1    300       1468        -1.84981e+07  1     2,2,1,1     -2.50622e+06  -1.59919e+07
    888  1    100       1769        -1.85895e+07  1     2,2,1,1     -2.60315e+06  -1.59864e+07
    889  0    0         1935        -1.06863e+07  1     2,2,1,1     -2.6995e+06   -7.98675e+06
    890  0    0         1965        -2.74478e+06  1     2,2,1,1     -2.75241e+06  7626.88
    891  0    0         1995        -2.75367e+06  1     2,2,1,1     -2.76216e+06  8481.32

=== car 0 (PLAYER)  verify/d3_force_20260929/o_c0.msd ===
  +0xbf8 and +0xbf4 are ZERO on all 2725 frames -- this car is NEVER boosted.
