0.00192259776 0 -1.00007451 2.27054596 0.425074965 -1.99563503 -2.22869587 0.425074965 -2.00428462
-0.00384718855 -0.0312575884 -0.999496877 1.49992907 0.321274817 -5.98233223 -1.49974871 0.321274817 -5.97078609
0.0134221381 -0.0233680289 -0.999629796 1.49947941 0.227363124 -9.96234035 -1.49995017 0.227363124 -10.002614
-0.0504088253 -0.0236286987 -0.998442054 1.49883556 0.12320108 -14.05793 -1.49704874 0.12320108 -13.9066753
0.177223355 -0.00742204627 -0.984135628 1.47512031 0.0605125688 -17.7287045 -1.47709334 0.0605125688 -18.2603397
0.680289805 0 -0.732932925 3.09929729 0.0500755012 -20.97966 0.900702655 0.0500755012 -23.02034
0.99999249 0 0 6 0.0500756204 -22.5001507 6 0.0500756204 -25.4998493
0.680155039 0 0.733058393 8.9005146 0.0500755012 -20.9798622 11.0994854 0.0500755012 -23.0201378
0.178318068 0 0.983965516 10.524189 0.050075084 -17.7325478 13.475811 0.050075084 -18.2674522
-0.0548909679 0 0.998485565 10.5024109 0.0500749648 -14.0823288 13.4975891 0.0500749648 -13.9176712
0.0299471077 -0.0311416164 0.999099374 9.77444935 0.00877200905 -9.95665455 16.1701279 0.00877200905 -10.1483593
-0.00159925071 -0.132379174 0.991190612 10.4989996 -0.274050802 -6.10134888 13.4986916 -0.279263467 -6.09720516
0 -0.0909120664 0.995851874 10.5001497 -0.821819425 -2.0681777 13.4998503 -0.821819425 -2.0681777
-0.00763261132 -0.0263847876 0.999615371 12.5003452 -0.991330564 1.96876204 15.4999571 -0.991330564 1.99166572
0 -0.00815912336 0.999959528 14.5001497 -1.1277312 5.99388123 17.4998493 -1.1277312 5.99388123
0 0.0952567458 0.99544543 14.5001497 -0.946514785 10.0714359 17.4998493 -0.946514785 10.0714359
0.0119079668 0.0704327822 0.997438252 14.5008879 -0.531395853 14.0707207 17.5003738 -0.531395853 14.0349112
0.0131476335 0.0286357086 0.999496281 14.5005617 -0.407950789 18.0412006 17.5000019 -0.407950789 18.0017452
-0.0699574724 0.0340004936 0.99696368 14.5020437 -0.241158083 21.9204483 17.4943867 -0.241158083 22.1304226
-0.707327724 -0.000210416663 0.70687598 13.9398966 -0.199924976 23.9389954 16.0603275 -0.199924976 26.0607815
-0.997835755 4.33140049e-05 0.0668484718 11.8507223 -0.199924976 23.7722454 12.2659216 -0.199924976 29.9698544
-0.999538124 0.0301423948 0 7.97739553 -0.157917619 24.5001507 7.97739553 -0.157917619 27.4998493
-0.997194409 0.0335759483 -0.0667997226 4.07512331 0.00883119088 24.5018215 3.87462974 0.00883119088 27.4948139
-0.707102656 -1.34882362e-06 -0.70710063 2.06055284 0.0500750244 23.9394455 -0.0605517961 0.0500750244 26.0605564
-0.0712311193 0.0334017873 -0.996893406 1.49425042 0.0921600908 21.8681183 -1.49782109 0.0921600908 22.0819111
0.0175048448 0.0612664409 -0.997960746 1.5004251 0.30148381 17.9803658 -1.49881363 0.30148381 17.9277573
-0.00480257999 0.0548693463 -0.998474777 1.49963462 0.540788114 13.9516382 -1.50003052 0.540788114 13.9660664
0.00128659175 0.0234002769 -0.999718308 1.49987125 0.706530333 9.98438168 -1.49982631 0.706530333 9.9805212
-0.000368286128 -0.0117220646 -0.999924004 1.49985301 0.722001493 6.00823832 -1.4998467 0.722001493 6.00934315
0.000183874436 -0.0468145832 -0.998896718 1.49984348 0.613397181 2.0353837 -1.49985647 0.613397181 2.03483152
