# ORIGINAL gearbox / suspension / drive-accumulator fields at the launch
# source: verify/d3_drive_20260928/e3.msd (not committed: 12 MB; .msd is not tracked in this repo)
# recipe: scenario_launch.py --track 0 --mode 10 --cars 4 --car 0 --poke-ctrl-slots --statediff-car 1 --statediff-aistep --hold 60
# tool:   py -3.12 re/tools/statediff/msd_fields.py <msd> <off>:<type> ...

## gearbox pair + constants + speed (first 5 frames, constant over the whole pre-race hold)
frame  0x490:i  0x494:i  0x498:f  0x49c:f  0x9e4:f
    0  0  0  40000  4000  0
    1  0  0  40000  4000  0
    2  0  0  40000  4000  0
    3  0  0  40000  4000  0
    4  0  0  40000  4000  0

## wheel states / drive accumulator / speed, frames 854-871 (race starts at 860)
frame  0x168:i  0x22c:i  0x2f0:i  0x3b4:i  0xb14:f  0xb18:f  0xb1c:f  0x9e4:f
  854  2  2  1  1  0  0  0  0
  855  2  2  1  1  0  0  0  0
  856  2  2  1  1  0  0  0  0
  857  2  2  1  1  0  0  0  0
  858  2  2  1  1  0  0  0  0
  859  2  2  1  1  0  0  0  0
  860  2  2  1  1  -0.944166  0  -1.08e+07  180
  861  2  2  1  1  -13362.5  0  -1.14331e+07  370.513
  862  2  2  1  1  -27125.3  0  -1.13023e+07  558.512
  863  2  2  1  1  -58917  0  -1.19614e+07  756.751
  864  2  2  1  1  -65799.9  0  -1.23745e+07  960.666
  865  2  2  1  1  -102238  0  -1.24392e+07  1164.38
  866  2  2  1  1  -86489.5  0  -7.50365e+06  1283.99
  867  2  2  1  1  -32540.8  0  -2.54182e+06  1319.78
  868  2  2  1  1  -39182.9  0  -2.55297e+06  1355.19
  869  2  2  1  1  -40034.7  0  -2.56435e+06  1390.62
  870  2  2  1  1  -46983.4  0  -2.57535e+06  1425.71
  871  2  2  1  1  -51283.4  0  -2.58641e+06  1460.48

## vertical velocity / speed / slide measure / wheel loads / gear, frames 857-871
frame  0x9b4:f  0x9e4:f  0xb0c:f  0x210:f  0x2d4:f  0x398:f  0x45c:f  0x490:i  0x494:i
  857  0  0  0  1083.34  1083.34  1083.34  541.671  0  0
  858  0  0  0  1083.34  1083.34  1083.34  541.671  0  0
  859  0  0  0  1083.34  1083.34  1083.34  541.671  0  0
  860  0  180  0  1083.34  1083.34  1083.34  541.671  0  0
  861  0  370.513  0  1102.24  1102.24  1062.14  531.069  0  0
  862  0  558.512  -0.0338332  1103.38  1103.38  1060.93  530.465  1  2950
  863  0  756.751  0.029162  1103.1  1103.1  1061.23  530.614  1  2900
  864  0  960.666  0.065178  1104.22  1104.2  1060.06  530.022  1  2850
  865  0  1164.38  -0.0355013  1104.86  1104.82  1059.41  529.682  1  2800
  866  0  1283.99  0.0181834  1104.85  1104.76  1059.5  529.68  1  2750
  867  0  1319.78  0.0097961  1095.76  1095.65  1069.14  534.486  1  2700
  868  0  1355.19  0.0744959  1086.65  1086.6  1078.71  539.314  1  2650
  869  0  1390.62  -0.0491116  1086.65  1086.56  1078.76  539.311  1  2600
  870  0  1425.71  0.0411122  1086.64  1086.53  1078.8  539.313  1  2550
  871  0  1460.48  0.000254936  1086.63  1086.49  1078.84  539.315  1  2500
