field,scope,first_divergent_frame,n,med_A,med_B,med_abs_diff,p95_abs_diff,noise_floor
look_z,outside,586,1452,-4.26601267,-4.50708771,0.1161046,2.86048626,6.7301121
look_best,outside,586,1452,4,5,0,6,11
look_idx,outside,586,1452,4,5,0,6,12
march_n,outside,967,1452,1,1,0,0,2
march_idx0,outside,1124,1452,0,0,0,0,0
hist_d8,outside,1189,1452,358.574448,358.572296,0.008271,3.804016,9.137848
curv,outside,1334,1452,27.7841263,30.6107331,0.40730285,17.9546659,62.0805664
rec_b0c,outside,1386,1452,2.72747278,20.2715731,13.1661843,70.374909,347.705154
rec_9e4,outside,1389,1452,4034.1167,3992.37769,18.67529,395.51245,1364.56665
c1,outside,1425,1452,27.5,25.5,0,90,189
ai_mode,outside,,1452,0,0,0,0,0
ai_override,outside,,1452,0,0,0,0,0
ai_spline_idx,outside,,1452,0,0,0,1,1
ai_type,outside,,1452,0,0,0,0,0
block,outside,,1452,8327452,8327452,0,0,0
c0,outside,,1452,0,0,0,23,118
c3,outside,,1452,0,0,0,0,0
c4,outside,,1452,255,255,0,0,255
c5,outside,,1452,0,0,0,0,255
c7,outside,,1452,0,0,0,0,0
clk_0ff4,outside,,1452,36325,36325,0,0,0
diff_a360,outside,,1452,2.5,2.5,0,0,0
flag_a368,outside,,1452,0,0,0,0,0
frame,outside,,1452,725.5,725.5,0,0,0
hist_dc,outside,,1452,0,0,0,1.01442719,8.82418819
look_blk,outside,,1452,0,0,0,0,1
look_x,outside,,1452,4.89365888,5.07097912,0.0366301,1.21746015,4.1063832
own_x,outside,,1452,3.75551486,3.75784826,0.0601726,1.1390768,4.44748883
own_z,outside,,1452,-1.35361439,-1.5184139,0.105438257,0.6634789,3.4908381
seq,outside,,1452,2178.5,2178.5,0,7,7
spline,outside,,1452,0,0,0,0,0
step_1008,outside,,1452,50,50,0,0,0
substate,outside,,1452,6,6,0,0,0
tgt_7ffc,outside,,1452,0,0,0,0,0
v,outside,,1452,3,3,0,0,0
