field,scope,band_lo,band_hi,n_A,n_B,med_speed_A,med_speed_B,med_frame_A,med_frame_B,med_A,med_B,gap,noise_floor,gap_over_floor
spline,outside,2000,2600,69,48,2354.99,2480.29,934,530.5,8395424,0,8395424,0,inf
own_z,outside,2000,2600,69,48,2354.99,2480.29,934,530.5,-5.4320035,21.7200775,27.152081,0.2720547,99.8038
look_z,outside,2000,2600,69,48,2354.99,2480.29,934,530.5,-12.3683987,16.6224251,28.9908238,0.7543297,38.4326
curv,outside,2000,2600,69,48,2354.99,2480.29,934,530.5,4.59684753,34.3054962,29.7086487,2.0827789,14.2639
rec_9e4,outside,2000,2600,69,48,2354.99,2480.29,934,530.5,2354.99121,2480.28956,125.298344,12.635005,9.91676
c1,outside,2000,2600,69,48,2354.99,2480.29,934,530.5,0,56,56,13,4.30769
own_x,outside,2000,2600,69,48,2354.99,2480.29,934,530.5,-0.503319502,-0.0737970173,0.429522485,0.168294907,2.5522
hist_d8,outside,2000,2600,69,48,2354.99,2480.29,934,530.5,357.001617,355.737777,1.26383993,0.8687585,1.45477
rec_b0c,outside,2000,2600,69,48,2354.99,2480.29,934,530.5,2.69974804,48.4384613,45.7387133,46.9648209,0.973893
look_x,outside,2000,2600,69,48,2354.99,2480.29,934,530.5,-1.37671292,-1.23551321,0.141199708,0.1728363,0.816956
frame,outside,2000,2600,69,48,2354.99,2480.29,934,530.5,934,530.5,403.5,622.5,0.648193
clk_0ff4,outside,2000,2600,69,48,2354.99,2480.29,934,530.5,46600,26575,20025,31125,0.643373
seq,outside,2000,2600,69,48,2354.99,2480.29,934,530.5,2462,1593.5,868.5,1867.5,0.46506
ai_mode,outside,2000,2600,69,48,2354.99,2480.29,934,530.5,0,0,0,0,0
ai_override,outside,2000,2600,69,48,2354.99,2480.29,934,530.5,0,0,0,0,0
ai_spline_idx,outside,2000,2600,69,48,2354.99,2480.29,934,530.5,0,0,0,0,0
ai_type,outside,2000,2600,69,48,2354.99,2480.29,934,530.5,0,0,0,0,0
block,outside,2000,2600,69,48,2354.99,2480.29,934,530.5,8327452,8327452,0,0,0
c0,outside,2000,2600,69,48,2354.99,2480.29,934,530.5,0,0,0,0,0
c3,outside,2000,2600,69,48,2354.99,2480.29,934,530.5,0,0,0,0,0
c4,outside,2000,2600,69,48,2354.99,2480.29,934,530.5,255,255,0,0,0
c5,outside,2000,2600,69,48,2354.99,2480.29,934,530.5,0,0,0,0,0
c7,outside,2000,2600,69,48,2354.99,2480.29,934,530.5,0,0,0,0,0
diff_a360,outside,2000,2600,69,48,2354.99,2480.29,934,530.5,2.5,2.5,0,0,0
flag_a368,outside,2000,2600,69,48,2354.99,2480.29,934,530.5,0,0,0,0,0
hist_dc,outside,2000,2600,69,48,2354.99,2480.29,934,530.5,0,0,0,0,0
march_idx0,outside,2000,2600,69,48,2354.99,2480.29,934,530.5,0,0,0,0,0
march_n,outside,2000,2600,69,48,2354.99,2480.29,934,530.5,1,1,0,0,0
step_1008,outside,2000,2600,69,48,2354.99,2480.29,934,530.5,50,50,0,0,0
substate,outside,2000,2600,69,48,2354.99,2480.29,934,530.5,6,6,0,0,0
tgt_7ffc,outside,2000,2600,69,48,2354.99,2480.29,934,530.5,0,0,0,0,0
v,outside,2000,2600,69,48,2354.99,2480.29,934,530.5,3,3,0,0,0
