frame,call,rva,name,ret_addr,a1,a2,a3,ret
1,1,0x4b4b60,sweep_query,0x45bcd8,0x0,0x88fc60,0x0,0
1,1,0x4b4cd0,query_4b4cd0,0x459d54,0x0,0x0,0x0,0
2,2,0x4b4b60,sweep_query,0x45bcd8,0x0,0x88fc60,0x0,0
2,2,0x4b4cd0,query_4b4cd0,0x459d54,0x0,0x0,0x0,0
2,2,0x4b4d10,query_4b4d10,0x455de0,0x0,0x0,0x0,0
2,2,0x4b4cd0,query_4b4cd0,0x455e59,0x0,0x0,0x0,1
3,3,0x4b4b60,sweep_query,0x45bcd8,0x0,0x88fc60,0x0,0
3,3,0x4b4cd0,query_4b4cd0,0x459d54,0x0,0x0,0x0,0
3,3,0x4b4cd0,query_4b4cd0,0x455e59,0x0,0x0,0x0,1
4,4,0x4b4b60,sweep_query,0x45bcd8,0x0,0x88fc60,0x0,0
4,4,0x4b4cd0,query_4b4cd0,0x459d54,0x0,0x0,0x0,0
4,4,0x4b4d10,query_4b4d10,0x455de0,0x0,0x0,0x0,0
4,4,0x4b4cd0,query_4b4cd0,0x455e59,0x0,0x0,0x0,1
5,5,0x4b4b60,sweep_query,0x45bcd8,0x0,0x88fc60,0x0,0
5,5,0x4b4cd0,query_4b4cd0,0x459d54,0x0,0x0,0x0,0
5,5,0x4b4cd0,query_4b4cd0,0x455e59,0x0,0x0,0x0,1
6,6,0x4b4b60,sweep_query,0x45bcd8,0x0,0x88fc60,0x0,0
6,6,0x4b4cd0,query_4b4cd0,0x459d54,0x0,0x0,0x0,0
6,6,0x4b4d10,query_4b4d10,0x455de0,0x0,0x0,0x0,0
6,6,0x4b4cd0,query_4b4cd0,0x455e59,0x0,0x0,0x0,1
7,7,0x4b4b60,sweep_query,0x45bcd8,0x0,0x88fc60,0x0,0
7,7,0x4b4cd0,query_4b4cd0,0x459d54,0x0,0x0,0x0,0
7,7,0x4b4cd0,query_4b4cd0,0x455e59,0x0,0x0,0x0,1
8,8,0x4b4b60,sweep_query,0x45bcd8,0x0,0x88fc60,0x0,0
8,8,0x4b4cd0,query_4b4cd0,0x459d54,0x0,0x0,0x0,0
8,8,0x4b4d10,query_4b4d10,0x455de0,0x0,0x0,0x0,0
8,8,0x4b4cd0,query_4b4cd0,0x455e59,0x0,0x0,0x0,1
9,9,0x4b4b60,sweep_query,0x45bcd8,0x0,0x88fc60,0x0,0
9,9,0x4b4cd0,query_4b4cd0,0x459d54,0x0,0x0,0x0,0
9,9,0x4b4cd0,query_4b4cd0,0x455e59,0x0,0x0,0x0,1
10,10,0x4b4b60,sweep_query,0x45bcd8,0x0,0x88fc60,0x0,0
10,10,0x4b4cd0,query_4b4cd0,0x459d54,0x0,0x0,0x0,0
10,10,0x4b4d10,query_4b4d10,0x455de0,0x0,0x0,0x0,0
10,10,0x4b4cd0,query_4b4cd0,0x455e59,0x0,0x0,0x0,1
11,11,0x4b4b60,sweep_query,0x45bcd8,0x0,0x88fc60,0x0,0
11,11,0x4b4cd0,query_4b4cd0,0x459d54,0x0,0x0,0x0,0
11,11,0x4b4cd0,query_4b4cd0,0x455e59,0x0,0x0,0x0,1
12,12,0x4b4b60,sweep_query,0x45bcd8,0x0,0x88fc60,0x0,0
12,12,0x4b4cd0,query_4b4cd0,0x459d54,0x0,0x0,0x0,0
12,12,0x4b4d10,query_4b4d10,0x455de0,0x0,0x0,0x0,0
12,12,0x4b4cd0,query_4b4cd0,0x455e59,0x0,0x0,0x0,1
13,13,0x4b4b60,sweep_query,0x45bcd8,0x0,0x88fc60,0x0,0
13,13,0x4b4cd0,query_4b4cd0,0x459d54,0x0,0x0,0x0,0
13,13,0x4b4cd0,query_4b4cd0,0x455e59,0x0,0x0,0x0,1
14,14,0x4b4b60,sweep_query,0x45bcd8,0x0,0x88fc60,0x0,0
14,14,0x4b4cd0,query_4b4cd0,0x459d54,0x0,0x0,0x0,0
14,14,0x4b4d10,query_4b4d10,0x455de0,0x0,0x0,0x0,0
14,14,0x4b4cd0,query_4b4cd0,0x455e59,0x0,0x0,0x0,1
15,15,0x4b4b60,sweep_query,0x45bcd8,0x0,0x88fc60,0x0,0
15,15,0x4b4cd0,query_4b4cd0,0x459d54,0x0,0x0,0x0,0
15,15,0x4b4cd0,query_4b4cd0,0x455e59,0x0,0x0,0x0,1
16,16,0x4b4b60,sweep_query,0x45bcd8,0x0,0x88fc60,0x0,0
16,16,0x4b4cd0,query_4b4cd0,0x459d54,0x0,0x0,0x0,0
16,16,0x4b4d10,query_4b4d10,0x455de0,0x0,0x0,0x0,0
16,16,0x4b4cd0,query_4b4cd0,0x455e59,0x0,0x0,0x0,1
17,17,0x4b4b60,sweep_query,0x45bcd8,0x0,0x88fc60,0x0,0
17,17,0x4b4cd0,query_4b4cd0,0x459d54,0x0,0x0,0x0,0
17,17,0x4b4cd0,query_4b4cd0,0x455e59,0x0,0x0,0x0,1
18,18,0x4b4b60,sweep_query,0x45bcd8,0x0,0x88fc60,0x0,0
18,18,0x4b4cd0,query_4b4cd0,0x459d54,0x0,0x0,0x0,0
18,18,0x4b4d10,query_4b4d10,0x455de0,0x0,0x0,0x0,0
18,18,0x4b4cd0,query_4b4cd0,0x455e59,0x0,0x0,0x0,1
19,19,0x4b4b60,sweep_query,0x45bcd8,0x0,0x88fc60,0x0,0
19,19,0x4b4cd0,query_4b4cd0,0x459d54,0x0,0x0,0x0,0
19,19,0x4b4cd0,query_4b4cd0,0x455e59,0x0,0x0,0x0,1
20,20,0x4b4b60,sweep_query,0x45bcd8,0x0,0x88fc60,0x0,0
20,20,0x4b4cd0,query_4b4cd0,0x459d54,0x0,0x0,0x0,0
20,20,0x4b4d10,query_4b4d10,0x455de0,0x0,0x0,0x0,0
20,20,0x4b4cd0,query_4b4cd0,0x455e59,0x0,0x0,0x0,1
21,21,0x4b4b60,sweep_query,0x45bcd8,0x0,0x88fc60,0x0,0
21,21,0x4b4cd0,query_4b4cd0,0x459d54,0x0,0x0,0x0,0
21,21,0x4b4cd0,query_4b4cd0,0x455e59,0x0,0x0,0x0,1
22,22,0x4b4b60,sweep_query,0x45bcd8,0x0,0x88fc60,0x0,0
22,22,0x4b4cd0,query_4b4cd0,0x459d54,0x0,0x0,0x0,0
22,22,0x4b4d10,query_4b4d10,0x455de0,0x0,0x0,0x0,0
22,22,0x4b4cd0,query_4b4cd0,0x455e59,0x0,0x0,0x0,1
23,23,0x4b4b60,sweep_query,0x45bcd8,0x0,0x88fc60,0x0,0
23,23,0x4b4cd0,query_4b4cd0,0x459d54,0x0,0x0,0x0,0
23,23,0x4b4cd0,query_4b4cd0,0x455e59,0x0,0x0,0x0,1
24,24,0x4b4b60,sweep_query,0x45bcd8,0x0,0x88fc60,0x0,0
24,24,0x4b4cd0,query_4b4cd0,0x459d54,0x0,0x0,0x0,0
24,24,0x4b4d10,query_4b4d10,0x455de0,0x0,0x0,0x0,0
24,24,0x4b4cd0,query_4b4cd0,0x455e59,0x0,0x0,0x0,1
25,25,0x4b4b60,sweep_query,0x45bcd8,0x0,0x88fc60,0x0,0
25,25,0x4b4cd0,query_4b4cd0,0x459d54,0x0,0x0,0x0,0
25,25,0x4b4cd0,query_4b4cd0,0x455e59,0x0,0x0,0x0,1
26,26,0x4b4b60,sweep_query,0x45bcd8,0x0,0x88fc60,0x0,0
26,26,0x4b4cd0,query_4b4cd0,0x459d54,0x0,0x0,0x0,0
26,26,0x4b4d10,query_4b4d10,0x455de0,0x0,0x0,0x0,0
26,26,0x4b4cd0,query_4b4cd0,0x455e59,0x0,0x0,0x0,1
27,27,0x4b4b60,sweep_query,0x45bcd8,0x0,0x88fc60,0x0,0
27,27,0x4b4cd0,query_4b4cd0,0x459d54,0x0,0x0,0x0,0
27,27,0x4b4cd0,query_4b4cd0,0x455e59,0x0,0x0,0x0,1
28,28,0x4b4b60,sweep_query,0x45bcd8,0x0,0x88fc60,0x0,0
28,28,0x4b4cd0,query_4b4cd0,0x459d54,0x0,0x0,0x0,0
28,28,0x4b4d10,query_4b4d10,0x455de0,0x0,0x0,0x0,0
28,28,0x4b4cd0,query_4b4cd0,0x455e59,0x0,0x0,0x0,1
29,29,0x4b4b60,sweep_query,0x45bcd8,0x0,0x88fc60,0x0,0
29,29,0x4b4cd0,query_4b4cd0,0x459d54,0x0,0x0,0x0,0
29,29,0x4b4cd0,query_4b4cd0,0x455e59,0x0,0x0,0x0,1
30,30,0x4b4b60,sweep_query,0x45bcd8,0x0,0x88fc60,0x0,0
30,30,0x4b4cd0,query_4b4cd0,0x459d54,0x0,0x0,0x0,0
30,30,0x4b4d10,query_4b4d10,0x455de0,0x0,0x0,0x0,0
30,30,0x4b4cd0,query_4b4cd0,0x455e59,0x0,0x0,0x0,1
31,31,0x4b4b60,sweep_query,0x45bcd8,0x0,0x88fc60,0x0,0
31,31,0x4b4cd0,query_4b4cd0,0x459d54,0x0,0x0,0x0,0
31,31,0x4b4cd0,query_4b4cd0,0x455e59,0x0,0x0,0x0,1
32,32,0x4b4b60,sweep_query,0x45bcd8,0x0,0x88fc60,0x0,0
32,32,0x4b4cd0,query_4b4cd0,0x459d54,0x0,0x0,0x0,0
32,32,0x4b4d10,query_4b4d10,0x455de0,0x0,0x0,0x0,0
32,32,0x4b4cd0,query_4b4cd0,0x455e59,0x0,0x0,0x0,1
33,33,0x4b4b60,sweep_query,0x45bcd8,0x0,0x88fc60,0x0,0
33,33,0x4b4cd0,query_4b4cd0,0x455e59,0x0,0x0,0x0,1
34,34,0x4b4d10,query_4b4d10,0x455de0,0x0,0x0,0x0,0
34,34,0x4b4cd0,query_4b4cd0,0x455e59,0x0,0x0,0x0,1
35,35,0x4b4cd0,query_4b4cd0,0x455e59,0x0,0x0,0x0,1
36,36,0x4b4d10,query_4b4d10,0x455de0,0x0,0x0,0x0,0
36,36,0x4b4cd0,query_4b4cd0,0x455e59,0x0,0x0,0x0,1
37,37,0x4b4cd0,query_4b4cd0,0x455e59,0x0,0x0,0x0,1
38,38,0x4b4d10,query_4b4d10,0x455de0,0x0,0x0,0x0,0
38,38,0x4b4cd0,query_4b4cd0,0x455e59,0x0,0x0,0x0,1
39,39,0x4b4cd0,query_4b4cd0,0x455e59,0x0,0x0,0x0,1
40,40,0x4b4d10,query_4b4d10,0x455de0,0x0,0x0,0x0,0
40,40,0x4b4cd0,query_4b4cd0,0x455e59,0x0,0x0,0x0,1
41,41,0x4b4cd0,query_4b4cd0,0x455e59,0x0,0x0,0x0,1
42,42,0x4b4d10,query_4b4d10,0x455de0,0x0,0x0,0x0,0
42,42,0x4b4cd0,query_4b4cd0,0x455e59,0x0,0x0,0x0,1
43,43,0x4b4cd0,query_4b4cd0,0x455e59,0x0,0x0,0x0,1
44,44,0x4b4d10,query_4b4d10,0x455de0,0x0,0x0,0x0,0
44,44,0x4b4cd0,query_4b4cd0,0x455e59,0x0,0x0,0x0,1
45,45,0x4b4cd0,query_4b4cd0,0x455e59,0x0,0x0,0x0,1
46,46,0x4b4d10,query_4b4d10,0x455de0,0x0,0x0,0x0,0
46,46,0x4b4cd0,query_4b4cd0,0x455e59,0x0,0x0,0x0,1
47,47,0x4b4cd0,query_4b4cd0,0x455e59,0x0,0x0,0x0,1
48,48,0x4b4d10,query_4b4d10,0x455de0,0x0,0x0,0x0,0
48,48,0x4b4cd0,query_4b4cd0,0x455e59,0x0,0x0,0x0,1
49,49,0x4b4cd0,query_4b4cd0,0x455e59,0x0,0x0,0x0,1
50,50,0x4b4d10,query_4b4d10,0x455de0,0x0,0x0,0x0,0
50,50,0x4b4cd0,query_4b4cd0,0x455e59,0x0,0x0,0x0,1
51,51,0x4b4cd0,query_4b4cd0,0x455e59,0x0,0x0,0x0,1
52,52,0x4b4d10,query_4b4d10,0x455de0,0x0,0x0,0x0,0
52,52,0x4b4cd0,query_4b4cd0,0x455e59,0x0,0x0,0x0,1
53,53,0x4b4cd0,query_4b4cd0,0x455e59,0x0,0x0,0x0,1
54,54,0x4b4d10,query_4b4d10,0x455de0,0x0,0x0,0x0,0
54,54,0x4b4cd0,query_4b4cd0,0x455e59,0x0,0x0,0x0,1
55,55,0x4b4cd0,query_4b4cd0,0x455e59,0x0,0x0,0x0,1
56,56,0x4b4d10,query_4b4d10,0x455de0,0x0,0x0,0x0,0
56,56,0x4b4cd0,query_4b4cd0,0x455e59,0x0,0x0,0x0,1
57,57,0x4b4cd0,query_4b4cd0,0x455e59,0x0,0x0,0x0,1
58,58,0x4b4d10,query_4b4d10,0x455de0,0x0,0x0,0x0,0
58,58,0x4b4cd0,query_4b4cd0,0x455e59,0x0,0x0,0x0,1
59,59,0x4b4cd0,query_4b4cd0,0x455e59,0x0,0x0,0x0,1
60,60,0x4b4d10,query_4b4d10,0x455de0,0x0,0x0,0x0,0
60,60,0x4b4cd0,query_4b4cd0,0x455e59,0x0,0x0,0x0,1
61,61,0x4b4cd0,query_4b4cd0,0x455e59,0x0,0x0,0x0,1
62,62,0x4b4d10,query_4b4d10,0x455de0,0x0,0x0,0x0,0
62,62,0x4b4cd0,query_4b4cd0,0x455e59,0x0,0x0,0x0,1
63,63,0x4b4cd0,query_4b4cd0,0x455e59,0x0,0x0,0x0,1
64,64,0x4b4b60,sweep_query,0x45bcd8,0x0,0x88fc60,0x0,0
64,64,0x4b4cd0,query_4b4cd0,0x459d54,0x0,0x0,0x0,0
64,64,0x4b4d10,query_4b4d10,0x455de0,0x0,0x0,0x0,0
64,64,0x4b4cd0,query_4b4cd0,0x455e59,0x0,0x0,0x0,1
65,65,0x4b4b60,sweep_query,0x45bcd8,0x0,0x88fc60,0x0,0
65,65,0x4b4cd0,query_4b4cd0,0x459d54,0x0,0x0,0x0,0
65,65,0x4b4cd0,query_4b4cd0,0x455e59,0x0,0x0,0x0,1
66,66,0x4b4b60,sweep_query,0x45bcd8,0x0,0x88fc60,0x0,0
66,66,0x4b4cd0,query_4b4cd0,0x459d54,0x0,0x0,0x0,0
66,66,0x4b4d10,query_4b4d10,0x455de0,0x0,0x0,0x0,0
66,66,0x4b4cd0,query_4b4cd0,0x455e59,0x0,0x0,0x0,1
66,66,0x4b4cd0,query_4b4cd0,0x453789,0x0,0x0,0x0,0
67,67,0x4b4b60,sweep_query,0x45bcd8,0x0,0x88fc60,0x0,0
67,67,0x4b4cd0,query_4b4cd0,0x459d54,0x0,0x0,0x0,0
67,67,0x4b4cd0,query_4b4cd0,0x455e59,0x0,0x0,0x0,1
67,67,0x4b4cd0,query_4b4cd0,0x453789,0x0,0x0,0x0,0
68,68,0x4b4b60,sweep_query,0x45bcd8,0x0,0x88fc60,0x0,0
68,68,0x4b4cd0,query_4b4cd0,0x459d54,0x0,0x0,0x0,0
68,68,0x4b4d10,query_4b4d10,0x455de0,0x0,0x0,0x0,0
68,68,0x4b4cd0,query_4b4cd0,0x455e59,0x0,0x0,0x0,1
68,68,0x4b4cd0,query_4b4cd0,0x453789,0x0,0x0,0x0,0
69,69,0x4b4b60,sweep_query,0x45bcd8,0x0,0x88fc60,0x0,0
69,69,0x4b4cd0,query_4b4cd0,0x459d54,0x0,0x0,0x0,0
69,69,0x4b4cd0,query_4b4cd0,0x455e59,0x0,0x0,0x0,1
69,69,0x4b4cd0,query_4b4cd0,0x453789,0x0,0x0,0x0,0
70,70,0x4b4b60,sweep_query,0x45bcd8,0x0,0x88fc60,0x0,0
70,70,0x4b4cd0,query_4b4cd0,0x459d54,0x0,0x0,0x0,0
70,70,0x4b4d10,query_4b4d10,0x455de0,0x0,0x0,0x0,0
70,70,0x4b4cd0,query_4b4cd0,0x455e59,0x0,0x0,0x0,1
70,70,0x4b4cd0,query_4b4cd0,0x453789,0x0,0x0,0x0,0
71,71,0x4b4b60,sweep_query,0x45bcd8,0x0,0x88fc60,0x0,0
71,71,0x4b4cd0,query_4b4cd0,0x459d54,0x0,0x0,0x0,0
71,71,0x4b4cd0,query_4b4cd0,0x455e59,0x0,0x0,0x0,1
71,71,0x4b4cd0,query_4b4cd0,0x453789,0x0,0x0,0x0,0
72,72,0x4b4b60,sweep_query,0x45bcd8,0x0,0x88fc60,0x0,0
72,72,0x4b4cd0,query_4b4cd0,0x459d54,0x0,0x0,0x0,0
72,72,0x4b4d10,query_4b4d10,0x455de0,0x0,0x0,0x0,0
72,72,0x4b4cd0,query_4b4cd0,0x455e59,0x0,0x0,0x0,1
72,72,0x4b4cd0,query_4b4cd0,0x453789,0x0,0x0,0x0,0
73,73,0x4b4b60,sweep_query,0x45bcd8,0x0,0x88fc60,0x0,0
73,73,0x4b4cd0,query_4b4cd0,0x459d54,0x0,0x0,0x0,0
73,73,0x4b4cd0,query_4b4cd0,0x455e59,0x0,0x0,0x0,1
73,73,0x4b4cd0,query_4b4cd0,0x453789,0x0,0x0,0x0,0
74,74,0x4b4b60,sweep_query,0x45bcd8,0x0,0x88fc60,0x0,0
74,74,0x4b4cd0,query_4b4cd0,0x459d54,0x0,0x0,0x0,0
74,74,0x4b4d10,query_4b4d10,0x455de0,0x0,0x0,0x0,0
74,74,0x4b4cd0,query_4b4cd0,0x455e59,0x0,0x0,0x0,1
74,74,0x4b4cd0,query_4b4cd0,0x453789,0x0,0x0,0x0,0
75,75,0x4b4b60,sweep_query,0x45bcd8,0x0,0x88fc60,0x0,0
75,75,0x4b4cd0,query_4b4cd0,0x459d54,0x0,0x0,0x0,0
75,75,0x4b4cd0,query_4b4cd0,0x455e59,0x0,0x0,0x0,1
75,75,0x4b4cd0,query_4b4cd0,0x453789,0x0,0x0,0x0,0
76,76,0x4b4b60,sweep_query,0x45bcd8,0x0,0x88fc60,0x0,0
76,76,0x4b4cd0,query_4b4cd0,0x459d54,0x0,0x0,0x0,0
76,76,0x4b4d10,query_4b4d10,0x455de0,0x0,0x0,0x0,0
76,76,0x4b4cd0,query_4b4cd0,0x455e59,0x0,0x0,0x0,1
76,76,0x4b4cd0,query_4b4cd0,0x453789,0x0,0x0,0x0,0
77,77,0x4b4b60,sweep_query,0x45bcd8,0x0,0x88fc60,0x0,0
77,77,0x4b4cd0,query_4b4cd0,0x459d54,0x0,0x0,0x0,0
77,77,0x4b4cd0,query_4b4cd0,0x455e59,0x0,0x0,0x0,1
77,77,0x4b4cd0,query_4b4cd0,0x453789,0x0,0x0,0x0,0
78,78,0x4b4b60,sweep_query,0x45bcd8,0x0,0x88fc60,0x0,0
78,78,0x4b4cd0,query_4b4cd0,0x459d54,0x0,0x0,0x0,0
78,78,0x4b4d10,query_4b4d10,0x455de0,0x0,0x0,0x0,0
78,78,0x4b4cd0,query_4b4cd0,0x455e59,0x0,0x0,0x0,1
78,78,0x4b4cd0,query_4b4cd0,0x453789,0x0,0x0,0x0,0
79,79,0x4b4b60,sweep_query,0x45bcd8,0x0,0x88fc60,0x0,0
79,79,0x4b4cd0,query_4b4cd0,0x459d54,0x0,0x0,0x0,0
79,79,0x4b4cd0,query_4b4cd0,0x455e59,0x0,0x0,0x0,1
79,79,0x4b4cd0,query_4b4cd0,0x453789,0x0,0x0,0x0,0
80,80,0x4b4b60,sweep_query,0x45bcd8,0x0,0x88fc60,0x0,0
80,80,0x4b4cd0,query_4b4cd0,0x459d54,0x0,0x0,0x0,0
80,80,0x4b4d10,query_4b4d10,0x455de0,0x0,0x0,0x0,0
80,80,0x4b4cd0,query_4b4cd0,0x455e59,0x0,0x0,0x0,2
80,80,0x4b4cd0,query_4b4cd0,0x453789,0x0,0x0,0x0,0
81,81,0x4b4b60,sweep_query,0x45bcd8,0x0,0x88fc60,0x0,0
81,81,0x4b4cd0,query_4b4cd0,0x459d54,0x0,0x0,0x0,0
81,81,0x4b4cd0,query_4b4cd0,0x455e59,0x0,0x0,0x0,2
81,81,0x4b4cd0,query_4b4cd0,0x453789,0x0,0x0,0x0,0
82,82,0x4b4b60,sweep_query,0x45bcd8,0x0,0x88fc60,0x0,0
82,82,0x4b4cd0,query_4b4cd0,0x459d54,0x0,0x0,0x0,0
82,82,0x4b4d10,query_4b4d10,0x455de0,0x0,0x0,0x0,0
82,82,0x4b4cd0,query_4b4cd0,0x455e59,0x0,0x0,0x0,2
82,82,0x4b4cd0,query_4b4cd0,0x453789,0x0,0x0,0x0,0
83,83,0x4b4b60,sweep_query,0x45bcd8,0x0,0x88fc60,0x0,0
83,83,0x4b4cd0,query_4b4cd0,0x459d54,0x0,0x0,0x0,0
83,83,0x4b4cd0,query_4b4cd0,0x455e59,0x0,0x0,0x0,2
83,83,0x4b4cd0,query_4b4cd0,0x453789,0x0,0x0,0x0,0
84,84,0x4b4b60,sweep_query,0x45bcd8,0x0,0x88fc60,0x0,0
84,84,0x4b4cd0,query_4b4cd0,0x459d54,0x0,0x0,0x0,0
84,84,0x4b4d10,query_4b4d10,0x455de0,0x0,0x0,0x0,0
84,84,0x4b4cd0,query_4b4cd0,0x455e59,0x0,0x0,0x0,2
84,84,0x4b4cd0,query_4b4cd0,0x453789,0x0,0x0,0x0,0
85,85,0x4b4b60,sweep_query,0x45bcd8,0x0,0x88fc60,0x0,0
85,85,0x4b4cd0,query_4b4cd0,0x459d54,0x0,0x0,0x0,0
85,85,0x4b4cd0,query_4b4cd0,0x455e59,0x0,0x0,0x0,2
85,85,0x4b4cd0,query_4b4cd0,0x453789,0x0,0x0,0x0,0
86,86,0x4b4b60,sweep_query,0x45bcd8,0x0,0x88fc60,0x0,0
86,86,0x4b4cd0,query_4b4cd0,0x459d54,0x0,0x0,0x0,0
86,86,0x4b4d10,query_4b4d10,0x455de0,0x0,0x0,0x0,0
86,86,0x4b4cd0,query_4b4cd0,0x455e59,0x0,0x0,0x0,2
86,86,0x4b4cd0,query_4b4cd0,0x453789,0x0,0x0,0x0,0
87,87,0x4b4b60,sweep_query,0x45bcd8,0x0,0x88fc60,0x0,0
87,87,0x4b4cd0,query_4b4cd0,0x459d54,0x0,0x0,0x0,0
87,87,0x4b4cd0,query_4b4cd0,0x455e59,0x0,0x0,0x0,2
87,87,0x4b4cd0,query_4b4cd0,0x453789,0x0,0x0,0x0,0
88,88,0x4b4b60,sweep_query,0x45bcd8,0x0,0x88fc60,0x0,0
88,88,0x4b4cd0,query_4b4cd0,0x459d54,0x0,0x0,0x0,0
88,88,0x4b4d10,query_4b4d10,0x455de0,0x0,0x0,0x0,2
88,88,0x45c350,sweep_confirm,0x455df9,0x0,0x0,0x0,0
88,88,0x4b4cd0,query_4b4cd0,0x455e59,0x0,0x0,0x0,2
88,88,0x4b4cd0,query_4b4cd0,0x453789,0x0,0x0,0x0,0
89,89,0x4b4b60,sweep_query,0x45bcd8,0x0,0x88fc60,0x0,0
89,89,0x4b4cd0,query_4b4cd0,0x459d54,0x0,0x0,0x0,0
89,89,0x4b4cd0,query_4b4cd0,0x453789,0x0,0x0,0x0,0
90,90,0x4b4b60,sweep_query,0x45bcd8,0x0,0x88fc60,0x0,0
90,90,0x4b4cd0,query_4b4cd0,0x459d54,0x0,0x0,0x0,0
90,90,0x4b4cd0,query_4b4cd0,0x453789,0x0,0x0,0x0,0
91,91,0x4b4b60,sweep_query,0x45bcd8,0x0,0x88fc60,0x0,0
91,91,0x4b4cd0,query_4b4cd0,0x459d54,0x0,0x0,0x0,0
91,91,0x4b4cd0,query_4b4cd0,0x453789,0x0,0x0,0x0,0
92,92,0x4b4b60,sweep_query,0x45bcd8,0x0,0x88fc60,0x0,0
92,92,0x4b4cd0,query_4b4cd0,0x459d54,0x0,0x0,0x0,0
92,92,0x4b4cd0,query_4b4cd0,0x453789,0x0,0x0,0x0,0
93,93,0x4b4b60,sweep_query,0x45bcd8,0x0,0x88fc60,0x0,0
93,93,0x4b4cd0,query_4b4cd0,0x459d54,0x0,0x0,0x0,0
93,93,0x4b4cd0,query_4b4cd0,0x453789,0x0,0x0,0x0,0
94,94,0x4b4b60,sweep_query,0x45bcd8,0x0,0x88fc60,0x0,0
94,94,0x4b4cd0,query_4b4cd0,0x459d54,0x0,0x0,0x0,0
94,94,0x4b4cd0,query_4b4cd0,0x453789,0x0,0x0,0x0,0
95,95,0x4b4b60,sweep_query,0x45bcd8,0x0,0x88fc60,0x0,0
95,95,0x4b4cd0,query_4b4cd0,0x459d54,0x0,0x0,0x0,0
95,95,0x4b4cd0,query_4b4cd0,0x453789,0x0,0x0,0x0,0
96,96,0x4b4b60,sweep_query,0x45bcd8,0x0,0x88fc60,0x0,0
96,96,0x4b4cd0,query_4b4cd0,0x459d54,0x0,0x0,0x0,0
96,96,0x4b4cd0,query_4b4cd0,0x453789,0x0,0x0,0x0,0
97,97,0x4b4b60,sweep_query,0x45bcd8,0x0,0x88fc60,0x0,0
97,97,0x4b4cd0,query_4b4cd0,0x459d54,0x0,0x0,0x0,0
97,97,0x4b4cd0,query_4b4cd0,0x453789,0x0,0x0,0x0,0
98,98,0x4b4b60,sweep_query,0x45bcd8,0x0,0x88fc60,0x0,0
98,98,0x4b4cd0,query_4b4cd0,0x459d54,0x0,0x0,0x0,0
98,98,0x4b4cd0,query_4b4cd0,0x453789,0x0,0x0,0x0,0
99,99,0x4b4b60,sweep_query,0x45bcd8,0x0,0x88fc60,0x0,0
99,99,0x4b4cd0,query_4b4cd0,0x459d54,0x0,0x0,0x0,0
99,99,0x4b4cd0,query_4b4cd0,0x453789,0x0,0x0,0x0,0
100,100,0x4b4b60,sweep_query,0x45bcd8,0x0,0x88fc60,0x0,0
100,100,0x4b4cd0,query_4b4cd0,0x459d54,0x0,0x0,0x0,0
100,100,0x4b4cd0,query_4b4cd0,0x453789,0x0,0x0,0x0,0
101,101,0x4b4b60,sweep_query,0x45bcd8,0x0,0x88fc60,0x0,0
101,101,0x4b4cd0,query_4b4cd0,0x459d54,0x0,0x0,0x0,0
101,101,0x4b4cd0,query_4b4cd0,0x453789,0x0,0x0,0x0,0
102,102,0x4b4b60,sweep_query,0x45bcd8,0x0,0x88fc60,0x0,0
102,102,0x4b4cd0,query_4b4cd0,0x459d54,0x0,0x0,0x0,0
102,102,0x4b4cd0,query_4b4cd0,0x453789,0x0,0x0,0x0,0
103,103,0x4b4b60,sweep_query,0x45bcd8,0x0,0x88fc60,0x0,0
103,103,0x4b4cd0,query_4b4cd0,0x459d54,0x0,0x0,0x0,0
103,103,0x4b4cd0,query_4b4cd0,0x453789,0x0,0x0,0x0,0
104,104,0x4b4b60,sweep_query,0x45bcd8,0x0,0x88fc60,0x0,0
104,104,0x4b4cd0,query_4b4cd0,0x459d54,0x0,0x0,0x0,0
104,104,0x4b4cd0,query_4b4cd0,0x453789,0x0,0x0,0x0,0
105,105,0x4b4b60,sweep_query,0x45bcd8,0x0,0x88fc60,0x0,0
105,105,0x4b4cd0,query_4b4cd0,0x459d54,0x0,0x0,0x0,0
105,105,0x4b4cd0,query_4b4cd0,0x453789,0x0,0x0,0x0,0
106,106,0x4b4b60,sweep_query,0x45bcd8,0x0,0x88fc60,0x0,0
106,106,0x4b4cd0,query_4b4cd0,0x459d54,0x0,0x0,0x0,0
106,106,0x4b4cd0,query_4b4cd0,0x453789,0x0,0x0,0x0,0
107,107,0x4b4b60,sweep_query,0x45bcd8,0x0,0x88fc60,0x0,0
107,107,0x4b4cd0,query_4b4cd0,0x459d54,0x0,0x0,0x0,0
107,107,0x4b4cd0,query_4b4cd0,0x453789,0x0,0x0,0x0,0
108,108,0x4b4b60,sweep_query,0x45bcd8,0x0,0x88fc60,0x0,0
108,108,0x4b4cd0,query_4b4cd0,0x459d54,0x0,0x0,0x0,0
108,108,0x4b4cd0,query_4b4cd0,0x453789,0x0,0x0,0x0,0
109,109,0x4b4b60,sweep_query,0x45bcd8,0x0,0x88fc60,0x0,0
109,109,0x4b4cd0,query_4b4cd0,0x459d54,0x0,0x0,0x0,0
109,109,0x4b4cd0,query_4b4cd0,0x453789,0x0,0x0,0x0,0
110,110,0x4b4b60,sweep_query,0x45bcd8,0x0,0x88fc60,0x0,0
110,110,0x4b4cd0,query_4b4cd0,0x459d54,0x0,0x0,0x0,0
110,110,0x4b4cd0,query_4b4cd0,0x453789,0x0,0x0,0x0,0
111,111,0x4b4b60,sweep_query,0x45bcd8,0x0,0x88fc60,0x0,0
111,111,0x4b4cd0,query_4b4cd0,0x459d54,0x0,0x0,0x0,0
111,111,0x4b4cd0,query_4b4cd0,0x453789,0x0,0x0,0x0,0
112,112,0x4b4b60,sweep_query,0x45bcd8,0x0,0x88fc60,0x0,0
112,112,0x4b4cd0,query_4b4cd0,0x459d54,0x0,0x0,0x0,0
112,112,0x4b4cd0,query_4b4cd0,0x453789,0x0,0x0,0x0,0
113,113,0x4b4b60,sweep_query,0x45bcd8,0x0,0x88fc60,0x0,0
113,113,0x4b4cd0,query_4b4cd0,0x459d54,0x0,0x0,0x0,0
113,113,0x4b4cd0,query_4b4cd0,0x453789,0x0,0x0,0x0,0
114,114,0x4b4b60,sweep_query,0x45bcd8,0x0,0x88fc60,0x0,0
114,114,0x4b4cd0,query_4b4cd0,0x459d54,0x0,0x0,0x0,0
114,114,0x4b4cd0,query_4b4cd0,0x453789,0x0,0x0,0x0,0
115,115,0x4b4b60,sweep_query,0x45bcd8,0x0,0x88fc60,0x0,0
115,115,0x4b4cd0,query_4b4cd0,0x459d54,0x0,0x0,0x0,0
115,115,0x4b4cd0,query_4b4cd0,0x453789,0x0,0x0,0x0,0
116,116,0x4b4b60,sweep_query,0x45bcd8,0x0,0x88fc60,0x0,0
116,116,0x4b4cd0,query_4b4cd0,0x459d54,0x0,0x0,0x0,0
116,116,0x4b4cd0,query_4b4cd0,0x453789,0x0,0x0,0x0,0
117,117,0x4b4b60,sweep_query,0x45bcd8,0x0,0x88fc60,0x0,0
117,117,0x4b4cd0,query_4b4cd0,0x459d54,0x0,0x0,0x0,0
117,117,0x4b4cd0,query_4b4cd0,0x453789,0x0,0x0,0x0,0
118,118,0x4b4b60,sweep_query,0x45bcd8,0x0,0x88fc60,0x0,0
118,118,0x4b4cd0,query_4b4cd0,0x459d54,0x0,0x0,0x0,0
118,118,0x4b4cd0,query_4b4cd0,0x453789,0x0,0x0,0x0,0
119,119,0x4b4b60,sweep_query,0x45bcd8,0x0,0x88fc60,0x0,0
119,119,0x4b4cd0,query_4b4cd0,0x459d54,0x0,0x0,0x0,0
119,119,0x4b4cd0,query_4b4cd0,0x453789,0x0,0x0,0x0,0
120,120,0x4b4b60,sweep_query,0x45bcd8,0x0,0x88fc60,0x0,0
120,120,0x4b4cd0,query_4b4cd0,0x459d54,0x0,0x0,0x0,0
120,120,0x4b4cd0,query_4b4cd0,0x453789,0x0,0x0,0x0,0
121,121,0x4b4b60,sweep_query,0x45bcd8,0x0,0x88fc60,0x0,0
121,121,0x4b4cd0,query_4b4cd0,0x459c19,0x0,0x0,0x0,0
121,121,0x4b4cd0,query_4b4cd0,0x459d54,0x0,0x0,0x0,1
121,121,0x4b4650,query_4b4650,0x459db5,0x0,0x0,0x0,1
121,121,0x4b4cd0,query_4b4cd0,0x453789,0x0,0x0,0x0,0
122,122,0x4b4b60,sweep_query,0x45bcd8,0x0,0x88fc60,0x0,0
122,122,0x4b4cd0,query_4b4cd0,0x459c19,0x0,0x0,0x0,0
122,122,0x4b4cd0,query_4b4cd0,0x459d54,0x0,0x0,0x0,1
122,122,0x4b4650,query_4b4650,0x459db5,0x0,0x0,0x0,1
122,122,0x4b4cd0,query_4b4cd0,0x453789,0x0,0x0,0x0,0
122,122,0x4b4cd0,query_4b4cd0,0x453789,0x0,0x0,0x0,0
123,123,0x4b4b60,sweep_query,0x45bcd8,0x0,0x88fc60,0x0,0
123,123,0x4b4cd0,query_4b4cd0,0x459c19,0x0,0x0,0x0,0
123,123,0x4b4cd0,query_4b4cd0,0x459d54,0x0,0x0,0x0,1
123,123,0x4b4650,query_4b4650,0x459db5,0x0,0x0,0x0,1
123,123,0x4b4cd0,query_4b4cd0,0x453789,0x0,0x0,0x0,0
123,123,0x4b4cd0,query_4b4cd0,0x453789,0x0,0x0,0x0,0
124,124,0x4b4b60,sweep_query,0x45bcd8,0x0,0x88fc60,0x0,0
124,124,0x4b4cd0,query_4b4cd0,0x459c19,0x0,0x0,0x0,0
124,124,0x4b4cd0,query_4b4cd0,0x459d54,0x0,0x0,0x0,1
124,124,0x4b4650,query_4b4650,0x459db5,0x0,0x0,0x0,1
124,124,0x4b4cd0,query_4b4cd0,0x453789,0x0,0x0,0x0,0
124,124,0x4b4cd0,query_4b4cd0,0x453789,0x0,0x0,0x0,0
125,125,0x4b4b60,sweep_query,0x45bcd8,0x0,0x88fc60,0x0,0
125,125,0x4b4cd0,query_4b4cd0,0x459c19,0x0,0x0,0x0,0
125,125,0x4b4cd0,query_4b4cd0,0x459d54,0x0,0x0,0x0,1
125,125,0x4b4650,query_4b4650,0x459db5,0x0,0x0,0x0,1
125,125,0x4b4cd0,query_4b4cd0,0x453789,0x0,0x0,0x0,0
125,125,0x4b4cd0,query_4b4cd0,0x453789,0x0,0x0,0x0,0
126,126,0x4b4b60,sweep_query,0x45bcd8,0x0,0x88fc60,0x0,0
126,126,0x4b4cd0,query_4b4cd0,0x459c19,0x0,0x0,0x0,0
126,126,0x4b4cd0,query_4b4cd0,0x459d54,0x0,0x0,0x0,1
126,126,0x4b4650,query_4b4650,0x459db5,0x0,0x0,0x0,1
126,126,0x4b4cd0,query_4b4cd0,0x453789,0x0,0x0,0x0,0
126,126,0x4b4cd0,query_4b4cd0,0x453789,0x0,0x0,0x0,0
127,127,0x4b4b60,sweep_query,0x45bcd8,0x0,0x88fc60,0x0,0
127,127,0x4b4cd0,query_4b4cd0,0x459c19,0x0,0x0,0x0,0
127,127,0x4b4cd0,query_4b4cd0,0x459d54,0x0,0x0,0x0,1
127,127,0x4b4650,query_4b4650,0x459db5,0x0,0x0,0x0,1
127,127,0x4b4cd0,query_4b4cd0,0x453789,0x0,0x0,0x0,0
127,127,0x4b4cd0,query_4b4cd0,0x453789,0x0,0x0,0x0,0
128,128,0x4b4b60,sweep_query,0x45bcd8,0x0,0x88fc60,0x0,0
128,128,0x4b4cd0,query_4b4cd0,0x459c19,0x0,0x0,0x0,0
128,128,0x4b4cd0,query_4b4cd0,0x459d54,0x0,0x0,0x0,1
128,128,0x4b4650,query_4b4650,0x459db5,0x0,0x0,0x0,1
128,128,0x4b4cd0,query_4b4cd0,0x453789,0x0,0x0,0x0,0
128,128,0x4b4cd0,query_4b4cd0,0x453789,0x0,0x0,0x0,0
129,129,0x4b4b60,sweep_query,0x45bcd8,0x0,0x88fc60,0x0,0
129,129,0x4b4cd0,query_4b4cd0,0x459c19,0x0,0x0,0x0,0
129,129,0x4b4cd0,query_4b4cd0,0x459d54,0x0,0x0,0x0,2
129,129,0x4b4650,query_4b4650,0x459db5,0x0,0x0,0x0,1
129,129,0x4b4cd0,query_4b4cd0,0x453789,0x0,0x0,0x0,0
129,129,0x4b4cd0,query_4b4cd0,0x453789,0x0,0x0,0x0,0
130,130,0x4b4b60,sweep_query,0x45bcd8,0x0,0x88fc60,0x0,0
130,130,0x4b4cd0,query_4b4cd0,0x459c19,0x0,0x0,0x0,0
130,130,0x4b4cd0,query_4b4cd0,0x459d54,0x0,0x0,0x0,2
130,130,0x4b4650,query_4b4650,0x459db5,0x0,0x0,0x0,1
130,130,0x4b4cd0,query_4b4cd0,0x453789,0x0,0x0,0x0,0
130,130,0x4b4cd0,query_4b4cd0,0x453789,0x0,0x0,0x0,0
131,131,0x4b4b60,sweep_query,0x45bcd8,0x0,0x88fc60,0x0,0
131,131,0x4b4cd0,query_4b4cd0,0x459c19,0x0,0x0,0x0,0
131,131,0x4b4cd0,query_4b4cd0,0x459d54,0x0,0x0,0x0,2
131,131,0x4b4650,query_4b4650,0x459db5,0x0,0x0,0x0,1
131,131,0x4b4cd0,query_4b4cd0,0x453789,0x0,0x0,0x0,0
131,131,0x4b4cd0,query_4b4cd0,0x453789,0x0,0x0,0x0,0
132,132,0x4b4b60,sweep_query,0x45bcd8,0x0,0x88fc60,0x0,0
132,132,0x4b4cd0,query_4b4cd0,0x459c19,0x0,0x0,0x0,0
132,132,0x4b4cd0,query_4b4cd0,0x459d54,0x0,0x0,0x0,2
132,132,0x4b4650,query_4b4650,0x459db5,0x0,0x0,0x0,1
132,132,0x4b4cd0,query_4b4cd0,0x453789,0x0,0x0,0x0,0
132,132,0x4b4cd0,query_4b4cd0,0x453789,0x0,0x0,0x0,0
133,133,0x4b4b60,sweep_query,0x45bcd8,0x0,0x88fc60,0x0,0
133,133,0x4b4cd0,query_4b4cd0,0x459c19,0x0,0x0,0x0,0
133,133,0x4b4cd0,query_4b4cd0,0x459d54,0x0,0x0,0x0,2
133,133,0x4b4650,query_4b4650,0x459db5,0x0,0x0,0x0,1
133,133,0x4b4cd0,query_4b4cd0,0x453789,0x0,0x0,0x0,0
133,133,0x4b4cd0,query_4b4cd0,0x453789,0x0,0x0,0x0,0
134,134,0x4b4b60,sweep_query,0x45bcd8,0x0,0x88fc60,0x0,0
134,134,0x4b4cd0,query_4b4cd0,0x459c19,0x0,0x0,0x0,0
134,134,0x4b4cd0,query_4b4cd0,0x459d54,0x0,0x0,0x0,2
134,134,0x4b4650,query_4b4650,0x459db5,0x0,0x0,0x0,1
134,134,0x4b4cd0,query_4b4cd0,0x453789,0x0,0x0,0x0,0
134,134,0x4b4cd0,query_4b4cd0,0x453789,0x0,0x0,0x0,0
135,135,0x4b4b60,sweep_query,0x45bcd8,0x0,0x88fc60,0x0,0
135,135,0x4b4cd0,query_4b4cd0,0x459c19,0x0,0x0,0x0,0
135,135,0x4b4cd0,query_4b4cd0,0x459d54,0x0,0x0,0x0,2
135,135,0x4b4650,query_4b4650,0x459db5,0x0,0x0,0x0,1
135,135,0x4b4cd0,query_4b4cd0,0x453789,0x0,0x0,0x0,0
135,135,0x4b4cd0,query_4b4cd0,0x453789,0x0,0x0,0x0,0
136,136,0x4b4b60,sweep_query,0x45bcd8,0x0,0x88fc60,0x0,0
136,136,0x4b4cd0,query_4b4cd0,0x459c19,0x0,0x0,0x0,0
136,136,0x4b4cd0,query_4b4cd0,0x459d54,0x0,0x0,0x0,2
136,136,0x4b4650,query_4b4650,0x459db5,0x0,0x0,0x0,1
136,136,0x4b4cd0,query_4b4cd0,0x453789,0x0,0x0,0x0,0
136,136,0x4b4cd0,query_4b4cd0,0x453789,0x0,0x0,0x0,0
137,137,0x4b4b60,sweep_query,0x45bcd8,0x0,0x88fc60,0x0,0
137,137,0x4b4cd0,query_4b4cd0,0x459c19,0x0,0x0,0x0,0
137,137,0x4b4cd0,query_4b4cd0,0x459d54,0x0,0x0,0x0,2
137,137,0x4b4650,query_4b4650,0x459db5,0x0,0x0,0x0,1
137,137,0x4b4cd0,query_4b4cd0,0x453789,0x0,0x0,0x0,0
137,137,0x4b4cd0,query_4b4cd0,0x453789,0x0,0x0,0x0,0
138,138,0x4b4b60,sweep_query,0x45bcd8,0x0,0x88fc60,0x0,0
138,138,0x4b4cd0,query_4b4cd0,0x459c19,0x0,0x0,0x0,0
138,138,0x4b4cd0,query_4b4cd0,0x459d54,0x0,0x0,0x0,2
138,138,0x4b4650,query_4b4650,0x459db5,0x0,0x0,0x0,1
138,138,0x4b4cd0,query_4b4cd0,0x453789,0x0,0x0,0x0,0
138,138,0x4b4cd0,query_4b4cd0,0x453789,0x0,0x0,0x0,0
139,139,0x4b4b60,sweep_query,0x45bcd8,0x0,0x88fc60,0x0,0
139,139,0x4b4cd0,query_4b4cd0,0x459c19,0x0,0x0,0x0,0
139,139,0x4b4cd0,query_4b4cd0,0x459d54,0x0,0x0,0x0,2
139,139,0x4b4650,query_4b4650,0x459db5,0x0,0x0,0x0,1
139,139,0x4b4cd0,query_4b4cd0,0x453789,0x0,0x0,0x0,0
139,139,0x4b4cd0,query_4b4cd0,0x453789,0x0,0x0,0x0,0
140,140,0x4b4b60,sweep_query,0x45bcd8,0x0,0x88fc60,0x0,0
140,140,0x4b4cd0,query_4b4cd0,0x459c19,0x0,0x0,0x0,0
140,140,0x4b4cd0,query_4b4cd0,0x459d54,0x0,0x0,0x0,2
140,140,0x4b4650,query_4b4650,0x459db5,0x0,0x0,0x0,1
140,140,0x4b4cd0,query_4b4cd0,0x453789,0x0,0x0,0x0,0
140,140,0x4b4cd0,query_4b4cd0,0x453789,0x0,0x0,0x0,0
141,141,0x4b4b60,sweep_query,0x45bcd8,0x0,0x88fc60,0x0,0
141,141,0x4b4cd0,query_4b4cd0,0x459c19,0x0,0x0,0x0,0
141,141,0x4b4cd0,query_4b4cd0,0x459d54,0x0,0x0,0x0,2
141,141,0x4b4650,query_4b4650,0x459db5,0x0,0x0,0x0,1
141,141,0x4b4cd0,query_4b4cd0,0x453789,0x0,0x0,0x0,0
141,141,0x4b4cd0,query_4b4cd0,0x453789,0x0,0x0,0x0,0
142,142,0x4b4b60,sweep_query,0x45bcd8,0x0,0x88fc60,0x0,0
142,142,0x4b4cd0,query_4b4cd0,0x459c19,0x0,0x0,0x0,0
142,142,0x4b4cd0,query_4b4cd0,0x459d54,0x0,0x0,0x0,2
142,142,0x4b4650,query_4b4650,0x459db5,0x0,0x0,0x0,1
142,142,0x4b4cd0,query_4b4cd0,0x453789,0x0,0x0,0x0,0
142,142,0x4b4cd0,query_4b4cd0,0x453789,0x0,0x0,0x0,0
143,143,0x4b4b60,sweep_query,0x45bcd8,0x0,0x88fc60,0x0,0
143,143,0x4b4cd0,query_4b4cd0,0x459c19,0x0,0x0,0x0,0
143,143,0x4b4cd0,query_4b4cd0,0x459d54,0x0,0x0,0x0,2
143,143,0x4b4650,query_4b4650,0x459db5,0x0,0x0,0x0,1
143,143,0x4b4cd0,query_4b4cd0,0x453789,0x0,0x0,0x0,0
143,143,0x4b4cd0,query_4b4cd0,0x453789,0x0,0x0,0x0,0
144,144,0x4b4b60,sweep_query,0x45bcd8,0x0,0x88fc60,0x0,0
144,144,0x4b4cd0,query_4b4cd0,0x459c19,0x0,0x0,0x0,0
144,144,0x4b4cd0,query_4b4cd0,0x459d54,0x0,0x0,0x0,2
144,144,0x4b4650,query_4b4650,0x459db5,0x0,0x0,0x0,1
144,144,0x4b4cd0,query_4b4cd0,0x453789,0x0,0x0,0x0,0
144,144,0x4b4cd0,query_4b4cd0,0x453789,0x0,0x0,0x0,0
145,145,0x4b4b60,sweep_query,0x45bcd8,0x0,0x88fc60,0x0,0
145,145,0x4b4cd0,query_4b4cd0,0x459c19,0x0,0x0,0x0,0
145,145,0x4b4cd0,query_4b4cd0,0x459d54,0x0,0x0,0x0,2
145,145,0x4b4650,query_4b4650,0x459db5,0x0,0x0,0x0,1
145,145,0x4b4cd0,query_4b4cd0,0x453789,0x0,0x0,0x0,0
145,145,0x4b4cd0,query_4b4cd0,0x453789,0x0,0x0,0x0,0
146,146,0x4b4b60,sweep_query,0x45bcd8,0x0,0x88fc60,0x0,0
146,146,0x4b4cd0,query_4b4cd0,0x459c19,0x0,0x0,0x0,0
146,146,0x4b4cd0,query_4b4cd0,0x459d54,0x0,0x0,0x0,2
146,146,0x4b4650,query_4b4650,0x459db5,0x0,0x0,0x0,1
146,146,0x4b4cd0,query_4b4cd0,0x453789,0x0,0x0,0x0,0
146,146,0x4b4cd0,query_4b4cd0,0x453789,0x0,0x0,0x0,0
147,147,0x4b4b60,sweep_query,0x45bcd8,0x0,0x88fc60,0x0,0
147,147,0x4b4cd0,query_4b4cd0,0x459c19,0x0,0x0,0x0,0
147,147,0x4b4cd0,query_4b4cd0,0x459d54,0x0,0x0,0x0,2
147,147,0x4b4650,query_4b4650,0x459db5,0x0,0x0,0x0,1
147,147,0x4b4cd0,query_4b4cd0,0x453789,0x0,0x0,0x0,0
147,147,0x4b4cd0,query_4b4cd0,0x453789,0x0,0x0,0x0,0
148,148,0x4b4b60,sweep_query,0x45bcd8,0x0,0x88fc60,0x0,0
148,148,0x4b4cd0,query_4b4cd0,0x459c19,0x0,0x0,0x0,0
148,148,0x4b4cd0,query_4b4cd0,0x459d54,0x0,0x0,0x0,3
148,148,0x4b4650,query_4b4650,0x459db5,0x0,0x0,0x0,1
148,148,0x4b4cd0,query_4b4cd0,0x453789,0x0,0x0,0x0,0
148,148,0x4b4cd0,query_4b4cd0,0x453789,0x0,0x0,0x0,0
149,149,0x4b4b60,sweep_query,0x45bcd8,0x0,0x88fc60,0x0,0
149,149,0x4b4cd0,query_4b4cd0,0x459c19,0x0,0x0,0x0,0
149,149,0x4b4cd0,query_4b4cd0,0x459d54,0x0,0x0,0x0,3
149,149,0x4b4650,query_4b4650,0x459db5,0x0,0x0,0x0,1
149,149,0x4b4cd0,query_4b4cd0,0x453789,0x0,0x0,0x0,0
149,149,0x4b4cd0,query_4b4cd0,0x453789,0x0,0x0,0x0,0
150,150,0x4b4b60,sweep_query,0x45bcd8,0x0,0x88fc60,0x0,0
150,150,0x4b4cd0,query_4b4cd0,0x459c19,0x0,0x0,0x0,0
150,150,0x4b4cd0,query_4b4cd0,0x459d54,0x0,0x0,0x0,2
150,150,0x4b4650,query_4b4650,0x459db5,0x0,0x0,0x0,1
150,150,0x4b4cd0,query_4b4cd0,0x453789,0x0,0x0,0x0,0
150,150,0x4b4cd0,query_4b4cd0,0x453789,0x0,0x0,0x0,0
151,151,0x4b4b60,sweep_query,0x45bcd8,0x0,0x88fc60,0x0,0
151,151,0x4b4cd0,query_4b4cd0,0x459c19,0x0,0x0,0x0,0
151,151,0x4b4cd0,query_4b4cd0,0x459d54,0x0,0x0,0x0,2
151,151,0x4b4650,query_4b4650,0x459db5,0x0,0x0,0x0,1
151,151,0x4b4cd0,query_4b4cd0,0x453789,0x0,0x0,0x0,1
151,151,0x45c350,sweep_confirm,0x4537bb,0x0,0x0,0x0,0
151,151,0x4b4650,query_4b4650,0x4537df,0x0,0x0,0x0,1
151,151,0x4b5080,query_4b5080,0x45382c,0x0,0x0,0x0,1
151,151,0x4b4cd0,query_4b4cd0,0x453789,0x0,0x0,0x0,0
152,152,0x4b4b60,sweep_query,0x45bcd8,0x0,0x88fc60,0x0,0
152,152,0x4b4cd0,query_4b4cd0,0x459c19,0x0,0x0,0x0,0
152,152,0x4b4cd0,query_4b4cd0,0x459d54,0x0,0x0,0x0,2
152,152,0x4b4650,query_4b4650,0x459db5,0x0,0x0,0x0,1
152,152,0x4b4cd0,query_4b4cd0,0x453789,0x0,0x0,0x0,0
153,153,0x4b4b60,sweep_query,0x45bcd8,0x0,0x88fc60,0x0,0
153,153,0x4b4cd0,query_4b4cd0,0x459c19,0x0,0x0,0x0,0
153,153,0x4b4cd0,query_4b4cd0,0x459d54,0x0,0x0,0x0,2
153,153,0x4b4650,query_4b4650,0x459db5,0x0,0x0,0x0,1
153,153,0x4b4cd0,query_4b4cd0,0x453789,0x0,0x0,0x0,0
154,154,0x4b4b60,sweep_query,0x45bcd8,0x0,0x88fc60,0x0,0
154,154,0x4b4cd0,query_4b4cd0,0x459c19,0x0,0x0,0x0,0
154,154,0x4b4cd0,query_4b4cd0,0x459d54,0x0,0x0,0x0,2
154,154,0x4b4650,query_4b4650,0x459db5,0x0,0x0,0x0,1
154,154,0x4b4cd0,query_4b4cd0,0x453789,0x0,0x0,0x0,0
155,155,0x4b4b60,sweep_query,0x45bcd8,0x0,0x88fc60,0x0,0
155,155,0x4b4cd0,query_4b4cd0,0x459c19,0x0,0x0,0x0,0
155,155,0x4b4cd0,query_4b4cd0,0x459d54,0x0,0x0,0x0,2
155,155,0x4b4650,query_4b4650,0x459db5,0x0,0x0,0x0,1
155,155,0x4b4cd0,query_4b4cd0,0x453789,0x0,0x0,0x0,0
156,156,0x4b4b60,sweep_query,0x45bcd8,0x0,0x88fc60,0x0,0
156,156,0x4b4cd0,query_4b4cd0,0x459c19,0x0,0x0,0x0,0
156,156,0x4b4cd0,query_4b4cd0,0x459d54,0x0,0x0,0x0,2
156,156,0x4b4650,query_4b4650,0x459db5,0x0,0x0,0x0,1
156,156,0x4b4cd0,query_4b4cd0,0x453789,0x0,0x0,0x0,0
157,157,0x4b4b60,sweep_query,0x45bcd8,0x0,0x88fc60,0x0,0
157,157,0x4b4cd0,query_4b4cd0,0x459c19,0x0,0x0,0x0,0
157,157,0x4b4cd0,query_4b4cd0,0x459d54,0x0,0x0,0x0,2
157,157,0x4b4650,query_4b4650,0x459db5,0x0,0x0,0x0,1
157,157,0x4b4cd0,query_4b4cd0,0x453789,0x0,0x0,0x0,0
158,158,0x4b4b60,sweep_query,0x45bcd8,0x0,0x88fc60,0x0,0
158,158,0x4b4cd0,query_4b4cd0,0x459c19,0x0,0x0,0x0,0
158,158,0x4b4cd0,query_4b4cd0,0x459d54,0x0,0x0,0x0,2
158,158,0x4b4650,query_4b4650,0x459db5,0x0,0x0,0x0,1
158,158,0x4b4cd0,query_4b4cd0,0x453789,0x0,0x0,0x0,0
159,159,0x4b4b60,sweep_query,0x45bcd8,0x0,0x88fc60,0x0,0
159,159,0x4b4cd0,query_4b4cd0,0x459c19,0x0,0x0,0x0,0
159,159,0x4b4cd0,query_4b4cd0,0x459d54,0x0,0x0,0x0,2
159,159,0x4b4650,query_4b4650,0x459db5,0x0,0x0,0x0,1
159,159,0x4b4cd0,query_4b4cd0,0x453789,0x0,0x0,0x0,0
160,160,0x4b4b60,sweep_query,0x45bcd8,0x0,0x88fc60,0x0,0
160,160,0x4b4cd0,query_4b4cd0,0x459c19,0x0,0x0,0x0,0
160,160,0x4b4cd0,query_4b4cd0,0x459d54,0x0,0x0,0x0,2
160,160,0x4b4650,query_4b4650,0x459db5,0x0,0x0,0x0,1
160,160,0x4b4cd0,query_4b4cd0,0x453789,0x0,0x0,0x0,0
161,161,0x4b4b60,sweep_query,0x45bcd8,0x0,0x88fc60,0x0,0
161,161,0x4b4cd0,query_4b4cd0,0x459c19,0x0,0x0,0x0,0
161,161,0x4b4cd0,query_4b4cd0,0x459d54,0x0,0x0,0x0,2
161,161,0x4b4650,query_4b4650,0x459db5,0x0,0x0,0x0,1
161,161,0x4b4cd0,query_4b4cd0,0x453789,0x0,0x0,0x0,0
162,162,0x4b4b60,sweep_query,0x45bcd8,0x0,0x88fc60,0x0,0
162,162,0x4b4cd0,query_4b4cd0,0x459d54,0x0,0x0,0x0,0
162,162,0x4b4cd0,query_4b4cd0,0x453789,0x0,0x0,0x0,0
163,163,0x4b4b60,sweep_query,0x45bcd8,0x0,0x88fc60,0x0,0
163,163,0x4b4cd0,query_4b4cd0,0x459d54,0x0,0x0,0x0,0
163,163,0x4b4cd0,query_4b4cd0,0x453789,0x0,0x0,0x0,0
164,164,0x4b4b60,sweep_query,0x45bcd8,0x0,0x88fc60,0x0,0
164,164,0x4b4cd0,query_4b4cd0,0x459d54,0x0,0x0,0x0,0
164,164,0x4b4cd0,query_4b4cd0,0x453789,0x0,0x0,0x0,0
165,165,0x4b4b60,sweep_query,0x45bcd8,0x0,0x88fc60,0x0,0
165,165,0x4b4cd0,query_4b4cd0,0x459c19,0x0,0x0,0x0,0
165,165,0x4b4cd0,query_4b4cd0,0x459d54,0x0,0x0,0x0,2
165,165,0x4b4650,query_4b4650,0x459db5,0x0,0x0,0x0,1
165,165,0x4b4cd0,query_4b4cd0,0x453789,0x0,0x0,0x0,0
166,166,0x4b4b60,sweep_query,0x45bcd8,0x0,0x88fc60,0x0,0
166,166,0x4b4cd0,query_4b4cd0,0x459c19,0x0,0x0,0x0,0
166,166,0x4b4cd0,query_4b4cd0,0x459d54,0x0,0x0,0x0,2
166,166,0x4b4650,query_4b4650,0x459db5,0x0,0x0,0x0,1
166,166,0x4b4cd0,query_4b4cd0,0x453789,0x0,0x0,0x0,0
167,167,0x4b4b60,sweep_query,0x45bcd8,0x0,0x88fc60,0x0,0
167,167,0x4b4cd0,query_4b4cd0,0x459c19,0x0,0x0,0x0,0
167,167,0x4b4cd0,query_4b4cd0,0x459d54,0x0,0x0,0x0,2
167,167,0x4b4650,query_4b4650,0x459db5,0x0,0x0,0x0,1
167,167,0x4b4cd0,query_4b4cd0,0x453789,0x0,0x0,0x0,0
168,168,0x4b4b60,sweep_query,0x45bcd8,0x0,0x88fc60,0x0,0
168,168,0x4b4cd0,query_4b4cd0,0x459c19,0x0,0x0,0x0,0
168,168,0x4b4cd0,query_4b4cd0,0x459d54,0x0,0x0,0x0,2
168,168,0x4b4650,query_4b4650,0x459db5,0x0,0x0,0x0,1
168,168,0x4b4cd0,query_4b4cd0,0x453789,0x0,0x0,0x0,0
169,169,0x4b4b60,sweep_query,0x45bcd8,0x0,0x88fc60,0x0,0
169,169,0x4b4cd0,query_4b4cd0,0x459c19,0x0,0x0,0x0,0
169,169,0x4b4cd0,query_4b4cd0,0x459d54,0x0,0x0,0x0,2
169,169,0x4b4650,query_4b4650,0x459db5,0x0,0x0,0x0,1
169,169,0x4b4cd0,query_4b4cd0,0x453789,0x0,0x0,0x0,0
170,170,0x4b4b60,sweep_query,0x45bcd8,0x0,0x88fc60,0x0,0
170,170,0x4b4cd0,query_4b4cd0,0x459c19,0x0,0x0,0x0,0
170,170,0x4b4cd0,query_4b4cd0,0x459d54,0x0,0x0,0x0,2
170,170,0x4b4650,query_4b4650,0x459db5,0x0,0x0,0x0,1
170,170,0x4b4cd0,query_4b4cd0,0x453789,0x0,0x0,0x0,0
171,171,0x4b4b60,sweep_query,0x45bcd8,0x0,0x88fc60,0x0,0
171,171,0x4b4cd0,query_4b4cd0,0x459c19,0x0,0x0,0x0,0
171,171,0x4b4cd0,query_4b4cd0,0x459d54,0x0,0x0,0x0,2
171,171,0x4b4650,query_4b4650,0x459db5,0x0,0x0,0x0,1
171,171,0x4b4cd0,query_4b4cd0,0x453789,0x0,0x0,0x0,0
172,172,0x4b4b60,sweep_query,0x45bcd8,0x0,0x88fc60,0x0,0
172,172,0x4b4cd0,query_4b4cd0,0x459c19,0x0,0x0,0x0,0
172,172,0x4b4cd0,query_4b4cd0,0x459d54,0x0,0x0,0x0,2
172,172,0x4b4650,query_4b4650,0x459db5,0x0,0x0,0x0,1
172,172,0x4b4cd0,query_4b4cd0,0x453789,0x0,0x0,0x0,0
173,173,0x4b4b60,sweep_query,0x45bcd8,0x0,0x88fc60,0x0,0
173,173,0x4b4cd0,query_4b4cd0,0x459c19,0x0,0x0,0x0,0
173,173,0x4b4cd0,query_4b4cd0,0x459d54,0x0,0x0,0x0,2
173,173,0x4b4650,query_4b4650,0x459db5,0x0,0x0,0x0,1
173,173,0x4b4cd0,query_4b4cd0,0x453789,0x0,0x0,0x0,0
174,174,0x4b4b60,sweep_query,0x45bcd8,0x0,0x88fc60,0x0,0
174,174,0x4b4cd0,query_4b4cd0,0x459c19,0x0,0x0,0x0,0
174,174,0x4b4cd0,query_4b4cd0,0x459d54,0x0,0x0,0x0,2
174,174,0x4b4650,query_4b4650,0x459db5,0x0,0x0,0x0,1
174,174,0x4b4cd0,query_4b4cd0,0x453789,0x0,0x0,0x0,0
175,175,0x4b4b60,sweep_query,0x45bcd8,0x0,0x88fc60,0x0,0
175,175,0x4b4cd0,query_4b4cd0,0x459c19,0x0,0x0,0x0,0
175,175,0x4b4cd0,query_4b4cd0,0x459d54,0x0,0x0,0x0,2
175,175,0x4b4650,query_4b4650,0x459db5,0x0,0x0,0x0,1
175,175,0x4b4cd0,query_4b4cd0,0x453789,0x0,0x0,0x0,0
176,176,0x4b4b60,sweep_query,0x45bcd8,0x0,0x88fc60,0x0,0
176,176,0x4b4cd0,query_4b4cd0,0x459c19,0x0,0x0,0x0,0
176,176,0x4b4cd0,query_4b4cd0,0x459d54,0x0,0x0,0x0,2
176,176,0x4b4650,query_4b4650,0x459db5,0x0,0x0,0x0,1
176,176,0x4b4cd0,query_4b4cd0,0x453789,0x0,0x0,0x0,0
177,177,0x4b4b60,sweep_query,0x45bcd8,0x0,0x88fc60,0x0,0
177,177,0x4b4cd0,query_4b4cd0,0x459c19,0x0,0x0,0x0,0
177,177,0x4b4cd0,query_4b4cd0,0x459d54,0x0,0x0,0x0,2
177,177,0x4b4650,query_4b4650,0x459db5,0x0,0x0,0x0,1
177,177,0x4b4cd0,query_4b4cd0,0x453789,0x0,0x0,0x0,0
178,178,0x4b4b60,sweep_query,0x45bcd8,0x0,0x88fc60,0x0,0
178,178,0x4b4cd0,query_4b4cd0,0x459c19,0x0,0x0,0x0,0
178,178,0x4b4cd0,query_4b4cd0,0x459d54,0x0,0x0,0x0,2
178,178,0x4b4650,query_4b4650,0x459db5,0x0,0x0,0x0,1
178,178,0x4b4cd0,query_4b4cd0,0x453789,0x0,0x0,0x0,0
179,179,0x4b4b60,sweep_query,0x45bcd8,0x0,0x88fc60,0x0,0
179,179,0x4b4cd0,query_4b4cd0,0x459c19,0x0,0x0,0x0,0
179,179,0x4b4cd0,query_4b4cd0,0x459d54,0x0,0x0,0x0,2
179,179,0x4b4650,query_4b4650,0x459db5,0x0,0x0,0x0,1
179,179,0x4b4cd0,query_4b4cd0,0x453789,0x0,0x0,0x0,0
180,180,0x4b4b60,sweep_query,0x45bcd8,0x0,0x88fc60,0x0,0
180,180,0x4b4cd0,query_4b4cd0,0x459c19,0x0,0x0,0x0,0
180,180,0x4b4cd0,query_4b4cd0,0x459d54,0x0,0x0,0x0,2
180,180,0x4b4650,query_4b4650,0x459db5,0x0,0x0,0x0,1
180,180,0x4b4cd0,query_4b4cd0,0x453789,0x0,0x0,0x0,1
180,180,0x45c350,sweep_confirm,0x4537bb,0x0,0x0,0x0,1
181,181,0x4b4b60,sweep_query,0x45bcd8,0x0,0x88fc60,0x0,0
181,181,0x4b4cd0,query_4b4cd0,0x459c19,0x0,0x0,0x0,0
181,181,0x4b4cd0,query_4b4cd0,0x459d54,0x0,0x0,0x0,2
181,181,0x4b4650,query_4b4650,0x459db5,0x0,0x0,0x0,1
181,181,0x4b4cd0,query_4b4cd0,0x453789,0x0,0x0,0x0,0
182,182,0x4b4b60,sweep_query,0x45bcd8,0x0,0x88fc60,0x0,1
182,182,0x45c350,sweep_confirm,0x45bcea,0x0,0x88fc60,0x0,0
182,182,0x4b4cd0,query_4b4cd0,0x453789,0x0,0x0,0x0,0
183,183,0x4b4cd0,query_4b4cd0,0x453789,0x0,0x0,0x0,0
184,184,0x4b4cd0,query_4b4cd0,0x453789,0x0,0x0,0x0,0
185,185,0x4b4cd0,query_4b4cd0,0x453789,0x0,0x0,0x0,0
186,186,0x4b4cd0,query_4b4cd0,0x453789,0x0,0x0,0x0,0
187,187,0x4b4cd0,query_4b4cd0,0x453789,0x0,0x0,0x0,0
188,188,0x4b4cd0,query_4b4cd0,0x453789,0x0,0x0,0x0,0
189,189,0x4b4cd0,query_4b4cd0,0x453789,0x0,0x0,0x0,0
190,190,0x4b4cd0,query_4b4cd0,0x453789,0x0,0x0,0x0,0
191,191,0x4b4cd0,query_4b4cd0,0x453789,0x0,0x0,0x0,0
192,192,0x4b4cd0,query_4b4cd0,0x453789,0x0,0x0,0x0,0
193,193,0x4b4cd0,query_4b4cd0,0x453789,0x0,0x0,0x0,0
194,194,0x4b4cd0,query_4b4cd0,0x453789,0x0,0x0,0x0,0
195,195,0x4b4cd0,query_4b4cd0,0x453789,0x0,0x0,0x0,0
196,196,0x4b4cd0,query_4b4cd0,0x453789,0x0,0x0,0x0,0
197,197,0x4b4cd0,query_4b4cd0,0x453789,0x0,0x0,0x0,0
198,198,0x4b4cd0,query_4b4cd0,0x453789,0x0,0x0,0x0,0
199,199,0x4b4cd0,query_4b4cd0,0x453789,0x0,0x0,0x0,0
200,200,0x4b4cd0,query_4b4cd0,0x453789,0x0,0x0,0x0,0
201,201,0x4b4cd0,query_4b4cd0,0x453789,0x0,0x0,0x0,0
202,202,0x4b4cd0,query_4b4cd0,0x453789,0x0,0x0,0x0,0
203,203,0x4b4cd0,query_4b4cd0,0x453789,0x0,0x0,0x0,0
204,204,0x4b4cd0,query_4b4cd0,0x453789,0x0,0x0,0x0,0
205,205,0x4b4cd0,query_4b4cd0,0x453789,0x0,0x0,0x0,0
206,206,0x4b4cd0,query_4b4cd0,0x453789,0x0,0x0,0x0,0
207,207,0x4b4cd0,query_4b4cd0,0x453789,0x0,0x0,0x0,0
208,208,0x4b4cd0,query_4b4cd0,0x453789,0x0,0x0,0x0,0
209,209,0x4b4cd0,query_4b4cd0,0x453789,0x0,0x0,0x0,0
210,210,0x4b4cd0,query_4b4cd0,0x453789,0x0,0x0,0x0,0
211,211,0x4b4cd0,query_4b4cd0,0x453789,0x0,0x0,0x0,0
212,212,0x4b4cd0,query_4b4cd0,0x453789,0x0,0x0,0x0,0
213,213,0x4b4b60,sweep_query,0x45bcd8,0x0,0x88fc60,0x0,0
213,213,0x4b4cd0,query_4b4cd0,0x459c19,0x0,0x0,0x0,1
213,213,0x4b4650,query_4b4650,0x459c3c,0x0,0x0,0x0,1
213,213,0x4b4cd0,query_4b4cd0,0x459d54,0x0,0x0,0x0,1
213,213,0x4b4650,query_4b4650,0x459db5,0x0,0x0,0x0,1
213,213,0x4b4cd0,query_4b4cd0,0x453789,0x0,0x0,0x0,0
214,214,0x4b4b60,sweep_query,0x45bcd8,0x0,0x88fc60,0x0,0
214,214,0x4b4cd0,query_4b4cd0,0x459c19,0x0,0x0,0x0,1
214,214,0x4b4650,query_4b4650,0x459c3c,0x0,0x0,0x0,1
214,214,0x4b4cd0,query_4b4cd0,0x459d54,0x0,0x0,0x0,0
214,214,0x4b4cd0,query_4b4cd0,0x453789,0x0,0x0,0x0,0
215,215,0x4b4b60,sweep_query,0x45bcd8,0x0,0x88fc60,0x0,0
215,215,0x4b4cd0,query_4b4cd0,0x459c19,0x0,0x0,0x0,1
215,215,0x4b4650,query_4b4650,0x459c3c,0x0,0x0,0x0,1
215,215,0x4b4cd0,query_4b4cd0,0x459d54,0x0,0x0,0x0,0
215,215,0x4b4cd0,query_4b4cd0,0x453789,0x0,0x0,0x0,0
216,216,0x4b4b60,sweep_query,0x45bcd8,0x0,0x88fc60,0x0,0
216,216,0x4b4cd0,query_4b4cd0,0x459c19,0x0,0x0,0x0,1
216,216,0x4b4650,query_4b4650,0x459c3c,0x0,0x0,0x0,1
216,216,0x4b4cd0,query_4b4cd0,0x459d54,0x0,0x0,0x0,0
216,216,0x4b4cd0,query_4b4cd0,0x453789,0x0,0x0,0x0,0
217,217,0x4b4b60,sweep_query,0x45bcd8,0x0,0x88fc60,0x0,0
217,217,0x4b4cd0,query_4b4cd0,0x459c19,0x0,0x0,0x0,1
217,217,0x4b4650,query_4b4650,0x459c3c,0x0,0x0,0x0,1
217,217,0x4b4cd0,query_4b4cd0,0x459d54,0x0,0x0,0x0,0
217,217,0x4b4cd0,query_4b4cd0,0x453789,0x0,0x0,0x0,0
218,218,0x4b4b60,sweep_query,0x45bcd8,0x0,0x88fc60,0x0,0
218,218,0x4b4cd0,query_4b4cd0,0x459c19,0x0,0x0,0x0,1
218,218,0x4b4650,query_4b4650,0x459c3c,0x0,0x0,0x0,1
218,218,0x4b4cd0,query_4b4cd0,0x459d54,0x0,0x0,0x0,0
218,218,0x4b4cd0,query_4b4cd0,0x453789,0x0,0x0,0x0,0
219,219,0x4b4b60,sweep_query,0x45bcd8,0x0,0x88fc60,0x0,0
219,219,0x4b4cd0,query_4b4cd0,0x459c19,0x0,0x0,0x0,1
219,219,0x4b4650,query_4b4650,0x459c3c,0x0,0x0,0x0,1
219,219,0x4b4cd0,query_4b4cd0,0x459d54,0x0,0x0,0x0,0
219,219,0x4b4cd0,query_4b4cd0,0x453789,0x0,0x0,0x0,0
220,220,0x4b4b60,sweep_query,0x45bcd8,0x0,0x88fc60,0x0,0
220,220,0x4b4cd0,query_4b4cd0,0x459c19,0x0,0x0,0x0,1
220,220,0x4b4650,query_4b4650,0x459c3c,0x0,0x0,0x0,1
220,220,0x4b4cd0,query_4b4cd0,0x459d54,0x0,0x0,0x0,0
220,220,0x4b4cd0,query_4b4cd0,0x453789,0x0,0x0,0x0,0
221,221,0x4b4b60,sweep_query,0x45bcd8,0x0,0x88fc60,0x0,0
221,221,0x4b4cd0,query_4b4cd0,0x459c19,0x0,0x0,0x0,1
221,221,0x4b4650,query_4b4650,0x459c3c,0x0,0x0,0x0,1
221,221,0x4b4cd0,query_4b4cd0,0x459d54,0x0,0x0,0x0,0
221,221,0x4b4cd0,query_4b4cd0,0x453789,0x0,0x0,0x0,0
222,222,0x4b4b60,sweep_query,0x45bcd8,0x0,0x88fc60,0x0,0
222,222,0x4b4cd0,query_4b4cd0,0x459c19,0x0,0x0,0x0,1
222,222,0x4b4650,query_4b4650,0x459c3c,0x0,0x0,0x0,1
222,222,0x4b4cd0,query_4b4cd0,0x459d54,0x0,0x0,0x0,0
222,222,0x4b4cd0,query_4b4cd0,0x453789,0x0,0x0,0x0,0
223,223,0x4b4b60,sweep_query,0x45bcd8,0x0,0x88fc60,0x0,0
223,223,0x4b4cd0,query_4b4cd0,0x459c19,0x0,0x0,0x0,1
223,223,0x4b4650,query_4b4650,0x459c3c,0x0,0x0,0x0,1
223,223,0x4b4cd0,query_4b4cd0,0x459d54,0x0,0x0,0x0,0
223,223,0x4b4cd0,query_4b4cd0,0x453789,0x0,0x0,0x0,0
224,224,0x4b4b60,sweep_query,0x45bcd8,0x0,0x88fc60,0x0,0
224,224,0x4b4cd0,query_4b4cd0,0x459c19,0x0,0x0,0x0,1
224,224,0x4b4650,query_4b4650,0x459c3c,0x0,0x0,0x0,1
224,224,0x4b4cd0,query_4b4cd0,0x459d54,0x0,0x0,0x0,0
224,224,0x4b4cd0,query_4b4cd0,0x453789,0x0,0x0,0x0,0
225,225,0x4b4b60,sweep_query,0x45bcd8,0x0,0x88fc60,0x0,0
225,225,0x4b4cd0,query_4b4cd0,0x459c19,0x0,0x0,0x0,1
225,225,0x4b4650,query_4b4650,0x459c3c,0x0,0x0,0x0,1
225,225,0x4b4cd0,query_4b4cd0,0x459d54,0x0,0x0,0x0,0
225,225,0x4b4cd0,query_4b4cd0,0x453789,0x0,0x0,0x0,0
226,226,0x4b4b60,sweep_query,0x45bcd8,0x0,0x88fc60,0x0,0
226,226,0x4b4cd0,query_4b4cd0,0x459c19,0x0,0x0,0x0,1
226,226,0x4b4650,query_4b4650,0x459c3c,0x0,0x0,0x0,1
226,226,0x4b4cd0,query_4b4cd0,0x459d54,0x0,0x0,0x0,0
226,226,0x4b4cd0,query_4b4cd0,0x453789,0x0,0x0,0x0,0
227,227,0x4b4b60,sweep_query,0x45bcd8,0x0,0x88fc60,0x0,0
227,227,0x4b4cd0,query_4b4cd0,0x459c19,0x0,0x0,0x0,1
227,227,0x4b4650,query_4b4650,0x459c3c,0x0,0x0,0x0,1
227,227,0x4b4cd0,query_4b4cd0,0x459d54,0x0,0x0,0x0,0
227,227,0x4b4cd0,query_4b4cd0,0x453789,0x0,0x0,0x0,0
228,228,0x4b4b60,sweep_query,0x45bcd8,0x0,0x88fc60,0x0,0
228,228,0x4b4cd0,query_4b4cd0,0x459c19,0x0,0x0,0x0,1
228,228,0x4b4650,query_4b4650,0x459c3c,0x0,0x0,0x0,1
228,228,0x4b4cd0,query_4b4cd0,0x459d54,0x0,0x0,0x0,0
228,228,0x4b4cd0,query_4b4cd0,0x453789,0x0,0x0,0x0,0
229,229,0x4b4b60,sweep_query,0x45bcd8,0x0,0x88fc60,0x0,0
229,229,0x4b4cd0,query_4b4cd0,0x459c19,0x0,0x0,0x0,1
229,229,0x4b4650,query_4b4650,0x459c3c,0x0,0x0,0x0,1
229,229,0x4b4cd0,query_4b4cd0,0x459d54,0x0,0x0,0x0,0
229,229,0x4b4cd0,query_4b4cd0,0x453789,0x0,0x0,0x0,0
230,230,0x4b4b60,sweep_query,0x45bcd8,0x0,0x88fc60,0x0,0
230,230,0x4b4cd0,query_4b4cd0,0x459c19,0x0,0x0,0x0,1
230,230,0x4b4650,query_4b4650,0x459c3c,0x0,0x0,0x0,1
230,230,0x4b4cd0,query_4b4cd0,0x459d54,0x0,0x0,0x0,0
230,230,0x4b4cd0,query_4b4cd0,0x453789,0x0,0x0,0x0,0
231,231,0x4b4b60,sweep_query,0x45bcd8,0x0,0x88fc60,0x0,0
231,231,0x4b4cd0,query_4b4cd0,0x459c19,0x0,0x0,0x0,1
231,231,0x4b4650,query_4b4650,0x459c3c,0x0,0x0,0x0,1
231,231,0x4b4cd0,query_4b4cd0,0x459d54,0x0,0x0,0x0,0
231,231,0x4b4cd0,query_4b4cd0,0x453789,0x0,0x0,0x0,0
232,232,0x4b4b60,sweep_query,0x45bcd8,0x0,0x88fc60,0x0,0
232,232,0x4b4cd0,query_4b4cd0,0x459c19,0x0,0x0,0x0,1
232,232,0x4b4650,query_4b4650,0x459c3c,0x0,0x0,0x0,1
232,232,0x4b4cd0,query_4b4cd0,0x459d54,0x0,0x0,0x0,0
232,232,0x4b4cd0,query_4b4cd0,0x453789,0x0,0x0,0x0,0
233,233,0x4b4b60,sweep_query,0x45bcd8,0x0,0x88fc60,0x0,0
233,233,0x4b4cd0,query_4b4cd0,0x459c19,0x0,0x0,0x0,1
233,233,0x4b4650,query_4b4650,0x459c3c,0x0,0x0,0x0,1
233,233,0x4b4cd0,query_4b4cd0,0x459d54,0x0,0x0,0x0,0
233,233,0x4b4cd0,query_4b4cd0,0x453789,0x0,0x0,0x0,0
234,234,0x4b4b60,sweep_query,0x45bcd8,0x0,0x88fc60,0x0,0
234,234,0x4b4cd0,query_4b4cd0,0x459c19,0x0,0x0,0x0,1
234,234,0x4b4650,query_4b4650,0x459c3c,0x0,0x0,0x0,1
234,234,0x4b4cd0,query_4b4cd0,0x459d54,0x0,0x0,0x0,0
234,234,0x4b4cd0,query_4b4cd0,0x453789,0x0,0x0,0x0,0
235,235,0x4b4b60,sweep_query,0x45bcd8,0x0,0x88fc60,0x0,0
235,235,0x4b4cd0,query_4b4cd0,0x459c19,0x0,0x0,0x0,1
235,235,0x4b4650,query_4b4650,0x459c3c,0x0,0x0,0x0,1
235,235,0x4b4cd0,query_4b4cd0,0x459d54,0x0,0x0,0x0,0
235,235,0x4b4cd0,query_4b4cd0,0x453789,0x0,0x0,0x0,0
236,236,0x4b4b60,sweep_query,0x45bcd8,0x0,0x88fc60,0x0,0
236,236,0x4b4cd0,query_4b4cd0,0x459c19,0x0,0x0,0x0,1
236,236,0x4b4650,query_4b4650,0x459c3c,0x0,0x0,0x0,1
236,236,0x4b4cd0,query_4b4cd0,0x459d54,0x0,0x0,0x0,0
236,236,0x4b4cd0,query_4b4cd0,0x453789,0x0,0x0,0x0,0
237,237,0x4b4b60,sweep_query,0x45bcd8,0x0,0x88fc60,0x0,0
237,237,0x4b4cd0,query_4b4cd0,0x459c19,0x0,0x0,0x0,1
237,237,0x4b4650,query_4b4650,0x459c3c,0x0,0x0,0x0,1
237,237,0x4b4cd0,query_4b4cd0,0x459d54,0x0,0x0,0x0,0
237,237,0x4b4cd0,query_4b4cd0,0x453789,0x0,0x0,0x0,0
238,238,0x4b4b60,sweep_query,0x45bcd8,0x0,0x88fc60,0x0,0
238,238,0x4b4cd0,query_4b4cd0,0x459c19,0x0,0x0,0x0,1
238,238,0x4b4650,query_4b4650,0x459c3c,0x0,0x0,0x0,1
238,238,0x4b4cd0,query_4b4cd0,0x459d54,0x0,0x0,0x0,0
238,238,0x4b4cd0,query_4b4cd0,0x453789,0x0,0x0,0x0,0
239,239,0x4b4b60,sweep_query,0x45bcd8,0x0,0x88fc60,0x0,0
239,239,0x4b4cd0,query_4b4cd0,0x459c19,0x0,0x0,0x0,1
239,239,0x4b4650,query_4b4650,0x459c3c,0x0,0x0,0x0,1
239,239,0x4b4cd0,query_4b4cd0,0x459d54,0x0,0x0,0x0,0
239,239,0x4b4cd0,query_4b4cd0,0x453789,0x0,0x0,0x0,0
240,240,0x4b4b60,sweep_query,0x45bcd8,0x0,0x88fc60,0x0,0
240,240,0x4b4cd0,query_4b4cd0,0x459c19,0x0,0x0,0x0,1
240,240,0x4b4650,query_4b4650,0x459c3c,0x0,0x0,0x0,1
240,240,0x4b4cd0,query_4b4cd0,0x459d54,0x0,0x0,0x0,0
240,240,0x4b4cd0,query_4b4cd0,0x453789,0x0,0x0,0x0,0
241,241,0x4b4b60,sweep_query,0x45bcd8,0x0,0x88fc60,0x0,0
241,241,0x4b4cd0,query_4b4cd0,0x459c19,0x0,0x0,0x0,1
241,241,0x4b4650,query_4b4650,0x459c3c,0x0,0x0,0x0,1
241,241,0x4b4cd0,query_4b4cd0,0x459d54,0x0,0x0,0x0,0
241,241,0x4b4cd0,query_4b4cd0,0x453789,0x0,0x0,0x0,0
242,242,0x4b4b60,sweep_query,0x45bcd8,0x0,0x88fc60,0x0,0
242,242,0x4b4cd0,query_4b4cd0,0x459c19,0x0,0x0,0x0,1
242,242,0x4b4650,query_4b4650,0x459c3c,0x0,0x0,0x0,1
242,242,0x4b4cd0,query_4b4cd0,0x459d54,0x0,0x0,0x0,0
242,242,0x4b4cd0,query_4b4cd0,0x453789,0x0,0x0,0x0,0
243,243,0x4b4b60,sweep_query,0x45bcd8,0x0,0x88fc60,0x0,0
243,243,0x4b4cd0,query_4b4cd0,0x459c19,0x0,0x0,0x0,1
243,243,0x4b4650,query_4b4650,0x459c3c,0x0,0x0,0x0,1
243,243,0x4b4cd0,query_4b4cd0,0x459d54,0x0,0x0,0x0,0
243,243,0x4b4cd0,query_4b4cd0,0x453789,0x0,0x0,0x0,0
244,244,0x4b4b60,sweep_query,0x45bcd8,0x0,0x88fc60,0x0,0
244,244,0x4b4cd0,query_4b4cd0,0x459c19,0x0,0x0,0x0,1
244,244,0x4b4650,query_4b4650,0x459c3c,0x0,0x0,0x0,1
244,244,0x4b4cd0,query_4b4cd0,0x459d54,0x0,0x0,0x0,0
244,244,0x4b4cd0,query_4b4cd0,0x453789,0x0,0x0,0x0,0
245,245,0x4b4b60,sweep_query,0x45bcd8,0x0,0x88fc60,0x0,0
245,245,0x4b4cd0,query_4b4cd0,0x459c19,0x0,0x0,0x0,1
245,245,0x4b4650,query_4b4650,0x459c3c,0x0,0x0,0x0,1
245,245,0x4b4cd0,query_4b4cd0,0x459d54,0x0,0x0,0x0,0
245,245,0x4b4cd0,query_4b4cd0,0x453789,0x0,0x0,0x0,0
246,246,0x4b4cd0,query_4b4cd0,0x459c19,0x0,0x0,0x0,1
246,246,0x4b4650,query_4b4650,0x459c3c,0x0,0x0,0x0,1
246,246,0x4b4cd0,query_4b4cd0,0x459d54,0x0,0x0,0x0,0
246,246,0x4b4cd0,query_4b4cd0,0x453789,0x0,0x0,0x0,0
247,247,0x4b4cd0,query_4b4cd0,0x459c19,0x0,0x0,0x0,1
247,247,0x4b4650,query_4b4650,0x459c3c,0x0,0x0,0x0,1
247,247,0x4b4cd0,query_4b4cd0,0x459d54,0x0,0x0,0x0,0
247,247,0x4b4cd0,query_4b4cd0,0x453789,0x0,0x0,0x0,0
248,248,0x4b4cd0,query_4b4cd0,0x459c19,0x0,0x0,0x0,1
248,248,0x4b4650,query_4b4650,0x459c3c,0x0,0x0,0x0,1
248,248,0x4b4cd0,query_4b4cd0,0x459d54,0x0,0x0,0x0,0
248,248,0x4b4cd0,query_4b4cd0,0x453789,0x0,0x0,0x0,0
249,249,0x4b4cd0,query_4b4cd0,0x459c19,0x0,0x0,0x0,1
249,249,0x4b4650,query_4b4650,0x459c3c,0x0,0x0,0x0,1
249,249,0x4b4cd0,query_4b4cd0,0x459d54,0x0,0x0,0x0,0
249,249,0x4b4cd0,query_4b4cd0,0x453789,0x0,0x0,0x0,1
249,249,0x45c350,sweep_confirm,0x4537bb,0x0,0x0,0x0,1
250,250,0x4b4cd0,query_4b4cd0,0x459c19,0x0,0x0,0x0,1
250,250,0x4b4650,query_4b4650,0x459c3c,0x0,0x0,0x0,1
250,250,0x4b4cd0,query_4b4cd0,0x459d54,0x0,0x0,0x0,0
250,250,0x4b4cd0,query_4b4cd0,0x453789,0x0,0x0,0x0,0
251,251,0x4b4cd0,query_4b4cd0,0x459c19,0x0,0x0,0x0,1
251,251,0x4b4650,query_4b4650,0x459c3c,0x0,0x0,0x0,1
251,251,0x4b4cd0,query_4b4cd0,0x459d54,0x0,0x0,0x0,0
251,251,0x4b4cd0,query_4b4cd0,0x453789,0x0,0x0,0x0,0
252,252,0x4b4cd0,query_4b4cd0,0x459c19,0x0,0x0,0x0,1
252,252,0x4b4650,query_4b4650,0x459c3c,0x0,0x0,0x0,1
252,252,0x4b4cd0,query_4b4cd0,0x459d54,0x0,0x0,0x0,0
252,252,0x4b4cd0,query_4b4cd0,0x453789,0x0,0x0,0x0,0
253,253,0x4b4cd0,query_4b4cd0,0x459c19,0x0,0x0,0x0,1
253,253,0x4b4650,query_4b4650,0x459c3c,0x0,0x0,0x0,1
253,253,0x4b4cd0,query_4b4cd0,0x459d54,0x0,0x0,0x0,0
253,253,0x4b4cd0,query_4b4cd0,0x453789,0x0,0x0,0x0,0
254,254,0x4b4cd0,query_4b4cd0,0x459c19,0x0,0x0,0x0,1
254,254,0x4b4650,query_4b4650,0x459c3c,0x0,0x0,0x0,1
254,254,0x4b4cd0,query_4b4cd0,0x459d54,0x0,0x0,0x0,0
254,254,0x4b4cd0,query_4b4cd0,0x453789,0x0,0x0,0x0,0
255,255,0x4b4cd0,query_4b4cd0,0x459c19,0x0,0x0,0x0,1
255,255,0x4b4650,query_4b4650,0x459c3c,0x0,0x0,0x0,1
255,255,0x4b4cd0,query_4b4cd0,0x459d54,0x0,0x0,0x0,0
255,255,0x4b4cd0,query_4b4cd0,0x453789,0x0,0x0,0x0,0
256,256,0x4b4cd0,query_4b4cd0,0x459c19,0x0,0x0,0x0,1
256,256,0x4b4650,query_4b4650,0x459c3c,0x0,0x0,0x0,1
256,256,0x4b4cd0,query_4b4cd0,0x459d54,0x0,0x0,0x0,0
256,256,0x4b4cd0,query_4b4cd0,0x453789,0x0,0x0,0x0,0
257,257,0x4b4cd0,query_4b4cd0,0x459c19,0x0,0x0,0x0,1
257,257,0x4b4650,query_4b4650,0x459c3c,0x0,0x0,0x0,1
257,257,0x4b4cd0,query_4b4cd0,0x459d54,0x0,0x0,0x0,0
257,257,0x4b4cd0,query_4b4cd0,0x453789,0x0,0x0,0x0,0
258,258,0x4b4cd0,query_4b4cd0,0x459c19,0x0,0x0,0x0,1
258,258,0x4b4650,query_4b4650,0x459c3c,0x0,0x0,0x0,1
258,258,0x4b4cd0,query_4b4cd0,0x459d54,0x0,0x0,0x0,0
258,258,0x4b4cd0,query_4b4cd0,0x453789,0x0,0x0,0x0,0
259,259,0x4b4cd0,query_4b4cd0,0x459c19,0x0,0x0,0x0,1
259,259,0x4b4650,query_4b4650,0x459c3c,0x0,0x0,0x0,1
259,259,0x4b4cd0,query_4b4cd0,0x459d54,0x0,0x0,0x0,0
259,259,0x4b4cd0,query_4b4cd0,0x453789,0x0,0x0,0x0,0
260,260,0x4b4cd0,query_4b4cd0,0x459c19,0x0,0x0,0x0,1
260,260,0x4b4650,query_4b4650,0x459c3c,0x0,0x0,0x0,1
260,260,0x4b4cd0,query_4b4cd0,0x459d54,0x0,0x0,0x0,0
260,260,0x4b4cd0,query_4b4cd0,0x453789,0x0,0x0,0x0,0
261,261,0x4b4cd0,query_4b4cd0,0x459c19,0x0,0x0,0x0,1
261,261,0x4b4650,query_4b4650,0x459c3c,0x0,0x0,0x0,1
261,261,0x4b4cd0,query_4b4cd0,0x459d54,0x0,0x0,0x0,0
261,261,0x4b4cd0,query_4b4cd0,0x453789,0x0,0x0,0x0,0
262,262,0x4b4cd0,query_4b4cd0,0x459c19,0x0,0x0,0x0,1
262,262,0x4b4650,query_4b4650,0x459c3c,0x0,0x0,0x0,1
262,262,0x4b4cd0,query_4b4cd0,0x459d54,0x0,0x0,0x0,0
262,262,0x4b4cd0,query_4b4cd0,0x453789,0x0,0x0,0x0,0
263,263,0x4b4cd0,query_4b4cd0,0x459c19,0x0,0x0,0x0,1
263,263,0x4b4650,query_4b4650,0x459c3c,0x0,0x0,0x0,1
263,263,0x4b4cd0,query_4b4cd0,0x459d54,0x0,0x0,0x0,0
263,263,0x4b4cd0,query_4b4cd0,0x453789,0x0,0x0,0x0,0
264,264,0x4b4cd0,query_4b4cd0,0x459c19,0x0,0x0,0x0,1
264,264,0x4b4650,query_4b4650,0x459c3c,0x0,0x0,0x0,1
264,264,0x4b4cd0,query_4b4cd0,0x459d54,0x0,0x0,0x0,0
264,264,0x4b4cd0,query_4b4cd0,0x453789,0x0,0x0,0x0,0
265,265,0x4b4cd0,query_4b4cd0,0x459c19,0x0,0x0,0x0,1
265,265,0x4b4650,query_4b4650,0x459c3c,0x0,0x0,0x0,1
265,265,0x4b4cd0,query_4b4cd0,0x459d54,0x0,0x0,0x0,0
265,265,0x4b4cd0,query_4b4cd0,0x453789,0x0,0x0,0x0,0
266,266,0x4b4cd0,query_4b4cd0,0x459c19,0x0,0x0,0x0,1
266,266,0x4b4650,query_4b4650,0x459c3c,0x0,0x0,0x0,1
266,266,0x4b4cd0,query_4b4cd0,0x459d54,0x0,0x0,0x0,0
266,266,0x4b4cd0,query_4b4cd0,0x453789,0x0,0x0,0x0,0
267,267,0x4b4cd0,query_4b4cd0,0x459c19,0x0,0x0,0x0,1
267,267,0x4b4650,query_4b4650,0x459c3c,0x0,0x0,0x0,1
267,267,0x4b4cd0,query_4b4cd0,0x459d54,0x0,0x0,0x0,0
267,267,0x4b4cd0,query_4b4cd0,0x453789,0x0,0x0,0x0,0
268,268,0x4b4cd0,query_4b4cd0,0x459c19,0x0,0x0,0x0,1
268,268,0x4b4650,query_4b4650,0x459c3c,0x0,0x0,0x0,1
268,268,0x4b4cd0,query_4b4cd0,0x459d54,0x0,0x0,0x0,0
268,268,0x4b4cd0,query_4b4cd0,0x453789,0x0,0x0,0x0,0
269,269,0x4b4cd0,query_4b4cd0,0x459c19,0x0,0x0,0x0,1
269,269,0x4b4650,query_4b4650,0x459c3c,0x0,0x0,0x0,1
269,269,0x4b4cd0,query_4b4cd0,0x459d54,0x0,0x0,0x0,0
269,269,0x4b4cd0,query_4b4cd0,0x453789,0x0,0x0,0x0,0
270,270,0x4b4cd0,query_4b4cd0,0x459c19,0x0,0x0,0x0,1
270,270,0x4b4650,query_4b4650,0x459c3c,0x0,0x0,0x0,1
270,270,0x4b4cd0,query_4b4cd0,0x459d54,0x0,0x0,0x0,0
270,270,0x4b4cd0,query_4b4cd0,0x453789,0x0,0x0,0x0,0
271,271,0x4b4cd0,query_4b4cd0,0x459c19,0x0,0x0,0x0,1
271,271,0x4b4650,query_4b4650,0x459c3c,0x0,0x0,0x0,1
271,271,0x4b4cd0,query_4b4cd0,0x459d54,0x0,0x0,0x0,0
271,271,0x4b4cd0,query_4b4cd0,0x453789,0x0,0x0,0x0,0
272,272,0x4b4cd0,query_4b4cd0,0x459c19,0x0,0x0,0x0,1
272,272,0x4b4650,query_4b4650,0x459c3c,0x0,0x0,0x0,1
272,272,0x4b4cd0,query_4b4cd0,0x459d54,0x0,0x0,0x0,0
272,272,0x4b4cd0,query_4b4cd0,0x453789,0x0,0x0,0x0,0
273,273,0x4b4cd0,query_4b4cd0,0x459c19,0x0,0x0,0x0,1
273,273,0x4b4650,query_4b4650,0x459c3c,0x0,0x0,0x0,1
273,273,0x4b4cd0,query_4b4cd0,0x459d54,0x0,0x0,0x0,0
273,273,0x4b4cd0,query_4b4cd0,0x453789,0x0,0x0,0x0,0
274,274,0x4b4cd0,query_4b4cd0,0x459c19,0x0,0x0,0x0,1
274,274,0x4b4650,query_4b4650,0x459c3c,0x0,0x0,0x0,1
274,274,0x4b4cd0,query_4b4cd0,0x459d54,0x0,0x0,0x0,0
274,274,0x4b4cd0,query_4b4cd0,0x453789,0x0,0x0,0x0,0
275,275,0x4b4cd0,query_4b4cd0,0x459c19,0x0,0x0,0x0,1
275,275,0x4b4650,query_4b4650,0x459c3c,0x0,0x0,0x0,1
275,275,0x4b4cd0,query_4b4cd0,0x459d54,0x0,0x0,0x0,0
275,275,0x4b4cd0,query_4b4cd0,0x453789,0x0,0x0,0x0,0
276,276,0x4b4cd0,query_4b4cd0,0x459c19,0x0,0x0,0x0,1
276,276,0x4b4650,query_4b4650,0x459c3c,0x0,0x0,0x0,1
276,276,0x4b4cd0,query_4b4cd0,0x459d54,0x0,0x0,0x0,0
276,276,0x4b4cd0,query_4b4cd0,0x453789,0x0,0x0,0x0,0
277,277,0x4b4cd0,query_4b4cd0,0x459c19,0x0,0x0,0x0,1
277,277,0x4b4650,query_4b4650,0x459c3c,0x0,0x0,0x0,1
277,277,0x4b4cd0,query_4b4cd0,0x459d54,0x0,0x0,0x0,0
278,278,0x4b4cd0,query_4b4cd0,0x459c19,0x0,0x0,0x0,1
278,278,0x4b4650,query_4b4650,0x459c3c,0x0,0x0,0x0,1
278,278,0x4b4cd0,query_4b4cd0,0x459d54,0x0,0x0,0x0,0
279,279,0x4b4cd0,query_4b4cd0,0x459c19,0x0,0x0,0x0,1
279,279,0x4b4650,query_4b4650,0x459c3c,0x0,0x0,0x0,1
279,279,0x4b4cd0,query_4b4cd0,0x459d54,0x0,0x0,0x0,0
280,280,0x4b4cd0,query_4b4cd0,0x459c19,0x0,0x0,0x0,1
280,280,0x4b4650,query_4b4650,0x459c3c,0x0,0x0,0x0,1
280,280,0x4b4cd0,query_4b4cd0,0x459d54,0x0,0x0,0x0,0
281,281,0x4b4cd0,query_4b4cd0,0x459c19,0x0,0x0,0x0,1
281,281,0x4b4650,query_4b4650,0x459c3c,0x0,0x0,0x0,1
281,281,0x4b4cd0,query_4b4cd0,0x459d54,0x0,0x0,0x0,0
282,282,0x4b4cd0,query_4b4cd0,0x459c19,0x0,0x0,0x0,1
282,282,0x4b4650,query_4b4650,0x459c3c,0x0,0x0,0x0,1
282,282,0x4b4cd0,query_4b4cd0,0x459d54,0x0,0x0,0x0,0
283,283,0x4b4cd0,query_4b4cd0,0x459c19,0x0,0x0,0x0,1
283,283,0x4b4650,query_4b4650,0x459c3c,0x0,0x0,0x0,1
283,283,0x4b4cd0,query_4b4cd0,0x459d54,0x0,0x0,0x0,0
