=== (i) the b14 ENGAGEMENT LATENCY ===
 ORIG: first d with |b14|>1e-6 = 15
 PORT: first d with |b14|>1e-6 = 0
 ORIG b14 at its engagement d=15 : (-265866, 0, -762420)
 PORT b14 at its engagement d= 0 : (-238892, 0.0216498, -763499)
 ratio port(d=0) / orig(d=15) : x 0.8985  z 1.0014

 ORIG sp over the dead zone d=0..18: ['0.000', '0.637', '0.753', '0.868', '0.983', '1.098', '1.213', '1.327', '1.440', '1.554', '1.667', '1.779', '1.892', '2.003', '2.115', '14.935', '28.452', '42.702', '57.715']
 ORIG gear/gtmr d=0..18: [(0, 0), (0, 0), (0, 0), (0, 0), (0, 0), (0, 0), (0, 0), (0, 0), (0, 0), (0, 0), (0, 0), (0, 0), (0, 0), (0, 0), (0, 0), (0, 0), (0, 0), (0, 0), (0, 0)]
 PORT gear/gtmr d=0..18: [(0, 0), (0, 0), (0, 0), (0, 0), (0, 0), (0, 0), (0, 0), (0, 0), (0, 0), (0, 0), (0, 0), (0, 0), (0, 0), (0, 0), (1, 2950), (1, 2900), (1, 2850), (1, 2800), (1, 2750)]
 ORIG b0c  d=0..18: ['0', '0', '1.2e-05', '4.15e-05', '5.341e-05', '5.861e-08', '5.138e-05', '-7.372e-05', '-7.053e-05', '-9.958e-05', '9.205e-05', '-0.0001232', '7.265e-05', '3.788e-05', '-6.639e-05', '-0.0001518', '-0.0005377', '-0.001401', '0.001405']
 PORT b0c  d=0..18: ['0', '0.5902', '0.3236', '0.2417', '0.2038', '0.1848', '0.1769', '0.1769', '0.1843', '0.2002', '0.228', '0.2751', '0.3565', '0.5185', '0.8444', '0.6804', '0.5632', '0.4774', '0.4126']

=== (ii) the bounce-and-recover profile, d = 60..340 ===
  d  | ORIG    sp      horiz    gnd  | PORT    sp      horiz    gnd
   60 |   1112.43   1112.52   4.0 |   1521.07   1516.43   4.0
   65 |   1257.40   1257.45   4.0 |   1614.12   1607.89   4.0
   70 |   1387.30   1387.27   4.0 |   1690.94   1683.53   4.0
   75 |   1498.88   1498.88   4.0 |   1768.07   1760.13   4.0
   80 |   1591.34   1591.18   4.0 |   1856.57    251.48   4.0
   85 |   1667.38   1667.38   4.0 |    129.42    100.82   4.0
   90 |   1744.22   1744.09   4.0 |     89.64     69.57   4.0
   95 |   1832.40    219.89   4.0 |    139.06    138.46   4.0
  100 |     95.96     93.08   4.0 |    238.27    236.94   4.0
  105 |    113.88    113.24   4.0 |    110.21     88.74   4.0
  110 |    176.66    176.59   4.0 |    106.75     99.06   4.0
  115 |    173.80    172.23   4.0 |     90.28     81.00   4.0
  120 |    108.30    108.04   4.0 |    103.14     89.50   4.0
  125 |    167.14    167.11   4.0 |    135.66     99.42   4.0
  130 |    118.30    117.86   4.0 |     93.39     81.98   4.0
  135 |    137.14    137.08   4.0 |    102.59    100.32   4.0
  140 |    152.60    151.91   4.0 |     83.07     65.26   4.0
  145 |    118.39    118.30   4.0 |     64.25     63.56   4.0
  150 |    187.32    187.29   4.0 |     27.98      2.97   4.0
  155 |    122.16    121.93   4.0 |     55.87     55.15   4.0
  160 |    167.36    167.33   4.0 |     11.78      8.84   4.0
  165 |    139.17    138.65   4.0 |     61.02     35.80   4.0
  170 |    142.74    142.69   4.0 |     31.28     30.28   4.0
  175 |    224.61    224.61   4.0 |     12.12      2.67   4.0
  180 |    157.86    157.66   4.0 |     55.13     60.90   4.0
  185 |    219.20    219.19   4.0 |     20.58     19.17   4.0
  190 |    193.00    192.57   4.0 |     33.95     14.89   4.0
  195 |    232.93    232.90   4.0 |     43.03     42.22   4.0
  200 |    334.66    261.54   4.0 |     11.48      8.58   4.0
  205 |    265.75    265.67   4.0 |     60.01     34.78   4.0
  210 |    362.30    362.26   4.0 |     31.57     30.58   4.0
  215 |    327.17    326.96   4.0 |     11.86      2.57   4.0
  220 |    405.88    405.89   4.0 |     55.25     60.08   4.0
  225 |    514.62    514.56   4.0 |     20.85     19.46   4.0
  230 |    641.80    641.78   4.0 |     33.35     14.73   4.0
  235 |    790.83    790.86   4.0 |     43.14     42.33   4.0
  240 |    938.01    938.04   4.0 |     11.67      8.85   4.0
  245 |   1079.50   1079.39   4.0 |     30.12     15.05   4.0
  250 |   1212.20   1212.28   4.0 |     42.56     41.74   4.0
  255 |   1333.87   1333.87   4.0 |     11.64      8.82   4.0
  260 |   1441.60   1441.54   4.0 |     59.06     33.85   4.0
  265 |   1533.33   1533.48   4.0 |     31.86     30.87   4.0
  270 |   1610.53   1610.45   4.0 |     11.29      8.35   4.0
  275 |   1675.65   1675.70   4.0 |     58.73     33.63   4.0
  280 |   1731.26   1731.17   4.0 |     31.82     30.83   4.0
  285 |   1784.84   1784.75   4.0 |     11.21      2.12   4.0
  290 |   1859.31   1859.33   4.0 |     55.83     32.04   4.0
  295 |   1928.25   1928.35   4.0 |     31.34     30.34   4.0
  300 |   1989.67   1989.67   4.0 |     11.11      2.16   4.0
  305 |   2042.49   2042.37   4.0 |     55.73     58.72   4.0
  310 |   2086.14   2086.38   4.0 |     21.20     19.83   4.0
  315 |   2122.16   2122.27   4.0 |     31.34     14.01   4.0
  320 |   2149.96   2150.14   4.0 |     43.76     42.95   4.0
  325 |   2170.82   2170.63   4.0 |     11.92      9.20   4.0
  330 |   2184.92   2184.69   4.0 |     57.84     32.75   4.0
  335 |   2193.34   2193.33   4.0 |     32.18     31.19   4.0
  340 |   2197.54   2197.46   4.0 |     10.79      1.80   4.0

=== peak / trough / recovery, release-aligned ===
 ORIG: peak 1832.40 at d=95 ; trough 85.45 at d=101 ; max over d=101..501 = 2478.30
    after the trough: n=1346 frames, 1313 (97.5%) above 100, median 1828.5, max 2562.8
 PORT: peak 1856.57 at d=80 ; trough 85.81 at d=139 ; max over d=139..539 = 91.36
    after the trough: n=1488 frames, 0 (0.0%) above 100, median 24.7, max 91.4
