
=== orig_solo3.msd   frames=2333  R=886 ===
   d |   f  | +0xbf8 | +0xbf4 | +0xb14      +0xb1c     | +0x9e4
  -3 |  883 |     0  |   3000 |           0           0 |    0.0000
  -2 |  884 |     0  |   3000 |           0           0 |    0.0000
  -1 |  885 |     0  |   3000 |           0           0 |    0.0000
   0 |  886 |     2  |   2800 |           0           0 |    0.0000
   1 |  887 |     2  |   2600 |           0           0 |    0.6369
   2 |  888 |     2  |   2400 |           0           0 |    0.7528
   3 |  889 |     2  |   2200 |           0           0 |    0.8683
   4 |  890 |     2  |   2000 |           0           0 |    0.9834
   5 |  891 |     2  |   1800 |           0           0 |    1.0982
   6 |  892 |     2  |   1600 |           0           0 |    1.2125
   7 |  893 |     2  |   1400 |           0           0 |    1.3266
   8 |  894 |     2  |   1200 |           0           0 |    1.4402
   9 |  895 |     2  |   1000 |           0           0 |    1.5537
  10 |  896 |     2  |    800 |           0           0 |    1.6665
  11 |  897 |     2  |    600 |           0           0 |    1.7793
  12 |  898 |     2  |    400 |           0           0 |    1.8916
  13 |  899 |     2  |    200 |           0           0 |    2.0034
  14 |  900 |     0  |      0 |           0           0 |    2.1149
  15 |  901 |     0  |      0 |     -265866     -762420 |   14.9353
  16 |  902 |     0  |      0 |     -283065     -804213 |   28.4517
  17 |  903 |     0  |      0 |     -301670     -848099 |   42.7025
  18 |  904 |     0  |      0 |     -321808     -894129 |   57.7148
  19 |  905 |     0  |      0 |     -343641     -942408 |   73.5255
  +0xbf8 distinct values over the capture: [0, 2]
  frames with +0xbf8==2: 14  (first 886 last 899)
  frames with +0xbf8==1: 0  (first None last None)
  in d units: first d=0 last d=13
  frames after R with b14 == 0: 15  first 0 last 14
  GATE TEST  (+0xbf8==2)  <=>  (b14 == 0)  holds on 1446 / 1447 frames after R

=== orig_solo4.msd   frames=2333  R=886 ===
   d |   f  | +0xbf8 | +0xbf4 | +0xb14      +0xb1c     | +0x9e4
  -3 |  883 |     0  |   3000 |           0           0 |    0.0000
  -2 |  884 |     0  |   3000 |           0           0 |    0.0000
  -1 |  885 |     0  |   3000 |           0           0 |    0.0000
   0 |  886 |     2  |   2800 |           0           0 |    0.0000
   1 |  887 |     2  |   2600 |           0           0 |    0.6369
   2 |  888 |     2  |   2400 |           0           0 |    0.7528
   3 |  889 |     2  |   2200 |           0           0 |    0.8683
   4 |  890 |     2  |   2000 |           0           0 |    0.9834
   5 |  891 |     2  |   1800 |           0           0 |    1.0982
   6 |  892 |     2  |   1600 |           0           0 |    1.2125
   7 |  893 |     2  |   1400 |           0           0 |    1.3266
   8 |  894 |     2  |   1200 |           0           0 |    1.4402
   9 |  895 |     2  |   1000 |           0           0 |    1.5537
  10 |  896 |     2  |    800 |           0           0 |    1.6665
  11 |  897 |     2  |    600 |           0           0 |    1.7793
  12 |  898 |     2  |    400 |           0           0 |    1.8916
  13 |  899 |     2  |    200 |           0           0 |    2.0034
  14 |  900 |     0  |      0 |           0           0 |    2.1149
  15 |  901 |     0  |      0 |     -265866     -762420 |   14.9353
  16 |  902 |     0  |      0 |     -283065     -804213 |   28.4517
  17 |  903 |     0  |      0 |     -301670     -848099 |   42.7025
  18 |  904 |     0  |      0 |     -321808     -894129 |   57.7148
  19 |  905 |     0  |      0 |     -343641     -942408 |   73.5255
  +0xbf8 distinct values over the capture: [0, 2]
  frames with +0xbf8==2: 14  (first 886 last 899)
  frames with +0xbf8==1: 0  (first None last None)
  in d units: first d=0 last d=13
  frames after R with b14 == 0: 15  first 0 last 14
  GATE TEST  (+0xbf8==2)  <=>  (b14 == 0)  holds on 1446 / 1447 frames after R

=== orig_fp1.msd   frames=2332  R=883 ===
   d |   f  | +0xbf8 | +0xbf4 | +0xb14      +0xb1c     | +0x9e4
  -3 |  880 |     0  |   3000 |           0           0 |    0.0000
  -2 |  881 |     0  |   3000 |           0           0 |    0.0000
  -1 |  882 |     0  |   3000 |           0           0 |    0.0000
   0 |  883 |     2  |   2800 |           0           0 |    0.0000
   1 |  884 |     2  |   2600 |           0           0 |    0.6369
   2 |  885 |     2  |   2400 |           0           0 |    0.7528
   3 |  886 |     2  |   2200 |           0           0 |    0.8683
   4 |  887 |     2  |   2000 |           0           0 |    0.9834
   5 |  888 |     2  |   1800 |           0           0 |    1.0982
   6 |  889 |     2  |   1600 |           0           0 |    1.2125
   7 |  890 |     2  |   1400 |           0           0 |    1.3266
   8 |  891 |     2  |   1200 |           0           0 |    1.4402
   9 |  892 |     2  |   1000 |           0           0 |    1.5537
  10 |  893 |     2  |    800 |           0           0 |    1.6665
  11 |  894 |     2  |    600 |           0           0 |    1.7793
  12 |  895 |     2  |    400 |           0           0 |    1.8916
  13 |  896 |     2  |    200 |           0           0 |    2.0034
  14 |  897 |     0  |      0 |           0           0 |    2.1149
  15 |  898 |     0  |      0 |     -265866     -762420 |   14.9353
  16 |  899 |     0  |      0 |     -283065     -804213 |   28.4517
  17 |  900 |     0  |      0 |     -301670     -848099 |   42.7025
  18 |  901 |     0  |      0 |     -321808     -894129 |   57.7148
  19 |  902 |     0  |      0 |     -343641     -942408 |   73.5255
  +0xbf8 distinct values over the capture: [0, 2]
  frames with +0xbf8==2: 14  (first 883 last 896)
  frames with +0xbf8==1: 0  (first None last None)
  in d units: first d=0 last d=13
  frames after R with b14 == 0: 15  first 0 last 14
  GATE TEST  (+0xbf8==2)  <=>  (b14 == 0)  holds on 1448 / 1449 frames after R
